357 47566 21435
1669 1980 1785 10925 10614 10730 3801 3736 12681 6271 6536 15216 4958 15481 3154 12099 865 1000 12746 1109 1118 1234 10063 10179 10054 453 413 9810 9945 9398 9358 1942 13903 356 10887 2382 9301 11327 
5964 5935 5941 5970 5998 6025 6134 6167 6185 6221 6188 6057 5878 5876 5850 5848 5805 5772 5752 5787 15166 15112 15002 14880 14717 14823 14732 14821 14795 14943 14750 14793 14970 14697 15133 14909 14886 15130 14915 15079 1640 1438 10383 10585 215 313 9160 9258 2962 11907 85 9030 8387 17332 
5999 14944 4954 4815 4840 4826 5429 5422 4820 4805 4349 4520 4516 4518 4827 13772 13294 13785 13765 13899 13771 13760 13750 14367 236 13461 13463 14374 13465 361 365 9181 3201 3663 9306 9310 1068 12146 10013 12608 2208 11153 
6599 6506 6478 6481 6577 6588 6585 6511 6444 6574 6579 6462 6448 6468 6459 15393 15544 15522 15533 15389 15423 15426 15456 15407 15519 15451 6450 15395 15530 15413 15524 15404 3657 3830 3519 12602 12464 1967 10912 7397 16342 4846 4368 13791 13313 2633 2126 2635 2647 2653 2403 2656 11598 11580 11578 11071 11601 11348 11592 8519 12775 7834 16779 17464 
8735 17680 8211 17156 2888 11833 4901 4914 4880 5462 5384 4750 4726 5377 5375 5373 4486 4736 4489 4491 4741 4633 14329 2394 2241 2529 11339 11186 11474 13695 14320 13681 13825 13846 13859 13431 14407 13686 13434 13578 14322 13436 13671 14318 1921 1611 1267 1523 10468 10866 10556 10212 3049 11994 4791 13736 
5854 14799 8487 17432 50 49 79 78 63 61 62 9024 7265 7590 16210 7073 16535 2975 16018 4191 4237 4147 4145 11920 6775 9007 8994 9008 8995 9006 9023 15720 2872 13090 13092 13182 13136 11817 
1538 10483 2999 11944 1975 1355 1255 1359 1360 10920 198 287 177 285 286 9230 1289 1906 10300 10304 10234 10851 10305 10200 7694 7698 7488 9231 9143 9122 5512 16643 16639 194 14457 3073 9139 9232 8149 12018 16433 110 9055 109 9054 17094 
8359 8205 8276 17304 17150 17221 3069 12014 6535 15480 4811 5464 4595 4982 5521 4668 5007 5008 13756 14466 13613 13927 14409 13953 13952 7472 16417 3887 4033 12832 12978 39 8984 7569 16514 13540 2450 11395 
6878 6992 15937 15823 5077 5135 5620 5725 14022 14565 14080 1638 14670 1556 10583 1993 10938 4658 4659 4655 4803 4524 10501 854 974 972 853 982 902 9799 9847 9919 9917 9927 9798 1928 1322 13604 7193 13600 13603 13469 13748 7692 10873 10267 4989 16637 16138 13934 
8520 17465 5347 4965 5516 14461 3226 3577 12522 12171 733 9678 14292 13910 820 9765 1662 1632 10607 10577 7682 7166 7167 7462 7124 16112 16111 16627 16407 16069 47 121 9066 8992 2576 11521 
3570 12515 540 9485 1838 10783 3053 3044 3042 3024 3023 3021 3019 3158 11989 7477 7688 7176 11964 11968 11966 2909 3096 2910 12041 12103 11987 11855 11854 4105 3918 12863 6530 13050 7606 16633 16422 6390 16551 7955 16121 2981 2809 15335 15475 1143 11969 11926 11754 11998 6401 16900 15346 10088 
6042 6153 6150 15098 15095 14987 6244 6520 15465 146 175 9120 9091 7172 7473 7684 7466 7412 7369 15189 3295 16629 16418 16357 16314 16411 16117 4246 4177 4250 4256 4188 4190 4263 4189 4257 4213 4136 13191 13158 13133 13081 13135 13202 13201 13208 13122 13195 13134 12240 
6169 5896 5851 14796 14841 15114 350 9295 1126 1244 1250 1136 1249 1138 10189 10081 10083 10195 10194 10071 216 9161 3133 12078 7531 7533 7017 15962 16476 16478 
8773 17718 6797 15742 7547 7236 16181 5478 5111 5484 14056 2067 1969 1845 1474 1416 10790 11012 10914 10419 7186 16131 5446 4366 4823 5522 4973 4441 16492 2083 10361 3070 14429 13386 14423 14391 13768 13311 13918 14467 1006 1012 9951 9957 3335 12280 11028 415 9360 3195 12015 12140 
2032 10977 3066 12011 1039 1042 1158 1123 9984 9987 10068 10103 7677 7676 7370 16315 16622 2811 2785 2790 11735 11730 6664 11756 7953 8166 16621 4161 15609 16898 17111 13106 
6525 15470 7574 16519 1728 1441 10673 301 149 9094 3041 10386 3421 3329 3462 12366 12274 12407 1140 10085 3170 2843 3002 12115 11788 11947 11986 4401 9246 807 13346 9752 
6786 15731 1569 1563 1788 1622 10733 353 10567 223 225 10508 2796 3122 2776 12067 11741 1286 9170 9168 958 9298 9903 1653 1301 10231 10514 10598 10246 11721 23 8968 7554 16499 2287 11232 
5695 5273 5690 5086 14640 1774 1831 14218 14635 3573 12518 644 645 9589 4991 10719 3187 14031 1624 2029 10974 10776 10569 339 13936 869 9590 9284 9814 2859 3060 3186 3146 12132 12091 11804 12005 12131 7806 8132 17077 16751 6436 6300 15245 15381 
5099 5081 5587 5056 5053 5051 5572 5596 5122 5101 5108 5616 5194 5193 5705 5155 5681 5243 5127 5119 5697 14642 14067 14044 14064 14026 14100 13998 14532 14139 14188 14517 14138 14072 14650 14053 14001 14626 14046 13996 14541 4773 4793 5427 5192 5466 4776 4765 5388 4333 4342 4347 4801 4338 14137 14561 13287 13278 13721 6402 15347 4594 4632 13710 13738 14333 13539 13292 14372 2330 13746 13283 13718 13577 14411 3324 12269 1169 10114 11275 
6812 15757 5057 5249 5252 14194 14002 14197 3983 3985 3994 12939 3870 4014 12959 12930 12815 1613 10558 189 266 9134 7113 7598 7056 7584 7275 7282 7586 7587 7057 7280 7580 12928 6305 16001 16543 16532 16225 16531 16058 16529 16220 16525 16002 16227 4175 15250 1278 9211 10223 13120 
2660 2659 2500 11445 11604 11605 3125 2968 12070 11913 92 9037 253 145 277 9222 9198 9090 1901 10846 946 833 890 1017 9778 6226 9835 9962 1021 892 9837 9891 9966 3333 12278 15171 
5794 5765 14739 8485 8063 8054 16999 17008 17430 3907 3846 12791 6569 6517 12852 7229 7035 7559 7561 7253 15514 2939 15462 7594 16174 16504 16198 6375 15320 6788 6777 6640 15722 15585 15733 227 320 9265 7443 7415 16539 16388 15980 16360 11884 16506 9172 14710 
3535 3539 3525 3571 3787 12480 12484 12516 3811 3818 12732 12763 12756 12470 627 621 625 9572 9570 9566 2521 2733 11678 635 9580 2041 2017 10962 10986 306 248 9193 5526 4651 13596 363 14471 9308 2149 2246 2247 2536 2535 11192 11191 11094 11480 11466 11481 3156 9251 44 12101 4205 8989 13150 
665 663 471 480 479 674 489 518 686 549 9619 749 774 626 643 773 783 787 617 9425 9463 3553 12498 3502 12447 9610 9588 9728 9562 9608 9718 9571 9732 9434 9416 9631 9494 9694 9424 1459 9719 898 832 842 956 1010 1023 9955 9843 9787 9968 9777 9901 10404 8508 7829 8507 7967 7914 7749 17452 16774 17453 16694 16912 16859 
5222 5234 5049 5570 5637 5156 5625 5151 5293 5713 5688 5245 5289 5719 14238 14582 14190 14515 14658 14167 14179 14096 6229 14570 14633 13994 14664 14101 5511 14234 2688 11633 772 9717 3940 4058 13003 12885 4882 4430 4601 5532 14477 13827 13375 13546 14456 1057 10002 15174 
5233 14178 1805 1767 10712 10750 5704 5707 5284 5706 5708 5711 5291 5710 14653 14236 14229 14651 14655 14649 14656 2487 11432 2815 11760 3946 3980 14652 7364 16309 6346 15291 6792 15737 7952 12925 12891 4228 4194 16897 13173 13139 
5881 5886 5856 14801 14826 14831 5212 4431 14157 966 9911 1666 1346 13376 2293 2082 2308 10291 10611 3307 3217 3304 3308 3234 12179 12252 12249 12253 12162 11253 11238 11027 2760 11705 
8198 8546 17491 8300 17245 17143 4957 5354 5340 5343 5385 4754 14299 6622 14285 7476 14288 13699 14330 13902 3302 3303 12248 12247 1308 10253 6951 16421 108 15896 9053 4232 15567 2991 11936 8494 17439 13177 
7430 7609 16554 1900 16375 7151 10845 2323 2326 2636 2720 11271 1253 11268 3618 11665 429 10198 12563 2453 2353 9374 2447 2448 2564 11509 11393 11581 11398 11392 11298 3027 16096 11972 
5934 5857 5791 5792 14737 14802 14736 14879 4435 13380 1404 10349 7437 7157 16102 7374 16319 250 249 9194 3058 3040 2849 9195 2833 2823 3001 16382 4168 11794 2788 3130 11733 11946 11985 12003 11778 11768 12075 7025 15970 13113 
5486 4725 13670 3429 12374 613 9558 298 296 297 9242 1151 1035 9243 9241 1271 1880 10216 10825 386 14431 9331 10096 9980 
8912 17857 8209 8095 17154 4852 5449 13797 387 9332 1049 1223 10168 9994 14394 7096 16041 4200 4196 17040 2765 11710 13141 13145 
1672 1671 1670 1678 1683 1696 1701 1705 1712 1697 1693 1990 1714 10642 10659 553 9498 1847 2059 1817 10646 10623 10657 10762 10935 10628 10638 10617 10616 10641 1816 10615 10650 10792 10761 3185 11004 1912 1882 1524 1692 12130 1894 1387 1277 10839 10637 1418 10222 10469 10857 6552 15497 7300 16245 1852 10797 4286 4282 4475 4279 10332 10827 10363 3061 13224 13420 13231 13227 3349 3272 12217 12294 12006 
8182 8194 17127 17139 7270 7367 16215 8153 16312 1853 1482 10798 3978 4131 12923 13076 7536 7537 7541 7535 7027 7028 7245 7029 16480 16481 7958 15972 16486 15974 15973 16482 16190 1454 10399 10427 7457 7180 16125 16402 17098 16903 
6442 6432 15377 7276 7338 16283 8154 16221 6373 15387 5021 5430 4534 4850 5463 5475 4387 4556 4559 4395 4889 4555 15318 8509 13966 13479 14408 14420 13332 13504 2572 2571 11516 11517 1229 10174 13340 13795 13501 13500 13834 14375 120 9065 17454 17099 
5976 5997 6022 6054 6108 6139 6184 6186 6086 5785 5780 5777 5769 5763 5743 5739 5737 14942 14684 14921 14730 14682 15053 14725 14714 15131 15084 15129 15031 14722 14967 14688 14999 14708 7873 7983 7784 16729 16928 16818 6 5 8951 8950 4267 13212 
5258 5667 5692 5691 5662 5215 5235 5672 5677 5247 5125 5675 5272 5209 5095 5302 5726 14070 14607 14154 14617 14203 14247 14620 14622 14636 14040 14192 14637 14217 14160 14671 6231 14180 7583 16528 4587 5533 13532 14478 14612 2476 2696 11421 11641 1930 1321 10266 10875 7434 7385 7622 16567 16379 16330 6249 15194 113 36 38 37 9058 8981 8982 8983 15176 
5966 5852 14797 14911 1272 10217 6565 15510 3895 12840 4663 4662 13608 13607 7144 7034 15979 16089 911 843 9856 9788 
8664 8360 8361 8357 8554 8571 8616 8607 8294 8596 8304 8310 8337 8313 8341 17258 8272 8580 8327 17255 8338 17541 17525 8489 8482 8128 8126 8081 8480 8484 8490 8127 8481 8574 8103 17272 8464 17249 17282 17217 17561 17429 17552 17048 17519 17425 17306 17073 17499 17305 17302 17516 17409 17286 17071 17609 17239 17026 8477 7949 7944 7915 8086 17283 17072 16889 8426 8114 7947 8045 8419 7768 7921 8089 17434 17422 7895 7734 8013 8012 7935 16713 17031 16894 17426 17034 17371 16866 16990 16880 17435 17364 16892 17059 16840 16860 3089 3088 16679 16957 16958 17427 4270 4377 4541 4550 12033 12034 7059 16004 3293 13495 13215 13322 13486 897 9842 12238 
6128 6155 15100 15073 8414 8030 7948 7804 7950 16749 17359 16895 2890 16893 16975 1856 1358 1361 10303 10306 10801 7453 7170 16115 16398 4244 4178 4220 11835 4162 4156 13165 13189 13123 13101 13107 4265 13210 
5585 5036 14530 13981 1041 1162 1164 1051 1053 9998 10107 9996 10109 9986 2485 2483 2708 2481 2188 2701 11646 11430 11428 11133 11653 11426 3240 12185 4332 4340 13285 13277 
8291 8599 8560 17544 17236 17505 2610 2339 2618 2722 2514 11284 11555 11563 11667 11459 3741 12686 5727 14672 4674 13619 312 9257 7428 7150 16095 6367 6322 6253 16373 342 15198 15312 15267 6548 15493 2087 9287 11032 
5936 6098 15043 14881 4894 4557 13502 1657 13839 326 10602 9271 209 9154 2983 2808 2978 3136 11753 11928 12081 6345 11923 15290 5531 14476 2186 11131 
8239 17184 6456 15401 2314 11259 3641 3458 3258 12403 12586 12203 3440 12385 1960 1953 1952 1312 1432 10257 7380 16325 6422 15367 3106 12051 1363 1515 10377 10897 10308 10460 10905 10898 2844 2827 11789 11772 4507 13452 
5143 5147 14092 2686 14088 4733 4488 13433 945 848 9890 9793 1947 1305 10250 10892 2631 13678 2333 2101 2608 2111 2352 2372 2685 11317 11631 11046 2547 11278 11492 11630 11553 11297 11056 11576 3435 12380 
5569 5565 5044 5566 5374 5412 4790 5075 13989 14510 14319 14020 14357 14511 1637 2051 1607 10996 10552 14514 1439 1923 1609 1314 10554 10582 200 257 255 142 9087 9145 1382 9202 2309 9200 10259 10868 10384 10327 13735 368 446 11254 9313 9391 
5264 5687 5644 5213 5040 5039 5305 14632 14250 13985 14209 13984 618 9563 1963 1658 14589 1560 1502 1902 10908 10505 10603 3668 3388 3211 14158 951 9896 3501 3276 12333 12221 12156 12446 2138 10847 191 9136 4646 10447 375 13591 9320 3221 3237 12166 12182 11083 12613 
5895 5889 5866 5853 5760 14798 14834 14705 14840 14811 7123 16068 3150 2824 2817 2933 11769 12095 6778 11762 11878 4353 4300 4298 15723 13243 366 9311 6241 13298 13245 15186 
5962 5946 5944 5948 5943 5954 6034 6048 6051 6076 6090 6164 6083 6050 5959 5958 5923 5938 5942 5926 5921 5916 5782 5753 5761 5755 14889 14893 15109 15021 14866 14979 14883 14698 14907 14993 14868 14861 14706 14887 14727 15028 14995 14891 14899 14871 14996 14903 14888 15035 14904 14700 3999 4043 3903 3898 12988 12848 12944 12843 4535 4339 4271 13480 13284 13216 364 9309 957 9902 
8702 17647 5367 4723 5525 14470 5316 14261 14312 7498 13668 392 9337 3968 3969 4118 4117 4111 3964 4034 4003 12979 12913 3842 3840 3992 3845 3995 12914 3850 4005 3888 4029 12974 12950 12790 3843 3990 3988 3844 3991 3839 4002 3853 12789 12935 12833 12909 3859 12804 12937 6304 6245 12948 12787 12933 12947 12936 13062 12795 12788 3852 12797 12940 12798 12785 12784 13056 13063 4143 16443 15249 15190 4599 13544 13088 
8186 17131 3059 3022 11967 12004 1891 1385 10836 10330 7429 7153 7671 7140 7139 16374 3013 16098 16616 6654 15599 4734 4722 4336 5435 16085 16084 6282 6416 15227 3116 12061 11958 4151 4204 15361 5509 13679 14454 13667 13281 14380 5736 13096 13149 14681 
8364 8662 8550 8548 8336 8631 8339 8638 17309 17493 17284 8302 8617 17576 17247 17562 17281 17583 17607 7644 16589 6929 15874 7985 8389 8388 7876 7877 7869 7870 7716 7980 7717 7874 7981 7868 7864 7857 7711 8386 7712 7865 16819 17495 4359 16930 17333 17334 16815 17331 16822 16809 16925 16813 16926 16821 16656 16657 16661 16810 16662 16814 16802 2361 2360 13304 11305 11306 
491 660 666 493 547 723 545 781 778 634 603 758 9605 1842 2055 1815 9492 9703 9726 9436 10787 720 11000 10760 501 9490 9611 9579 9665 9723 9446 9548 9668 2118 2144 2654 2147 2655 2148 9438 3268 3273 11093 1206 10151 3823 12218 12768 1184 1069 12213 2235 11180 11599 11089 11600 11092 11063 10014 10129 1635 10580 6327 6387 15332 15272 81 9026 7866 7715 16660 16811 
3564 3767 3551 3556 3786 12731 2033 10978 3804 3826 3788 3703 3456 3467 3621 3471 3799 3709 3717 3484 3632 3715 3718 3481 3460 12733 12660 12662 12566 12744 12426 12712 12577 12509 12401 12749 12429 1190 1081 1083 10135 12496 12771 12501 12405 907 9852 3223 3224 3218 10028 10026 12169 12663 12163 12168 12416 12648 12654 12412 7358 7348 7053 7050 16303 15995 15998 16293 383 382 9328 9327 
678 527 585 584 751 9529 9623 5090 9472 9530 9696 1668 14035 10613 237 234 9182 1389 1551 1400 1401 1573 1402 1575 10520 10518 10346 6295 6339 6414 6309 6310 15359 15255 15254 15240 15284 185 199 9144 9179 9130 1918 10496 10345 10863 10347 10334 2657 2152 2228 11173 11097 11602 1214 10159 3745 3744 12689 12690 
5551 5060 5109 14054 14496 14005 5238 5607 5605 5103 5068 4683 5391 14183 14552 14550 14013 14048 14336 7689 16634 9 66 8 9011 8954 8953 3098 3097 12042 7964 12043 4344 4369 4812 4836 13781 13757 13314 13289 13628 910 9855 16909 
677 476 664 9421 3772 3574 3593 3807 3658 3647 12603 12752 12592 12717 12519 561 567 732 9622 9677 9609 9512 1554 1546 10491 10499 6835 15780 33 34 74 7 12 8957 9019 8979 8978 8952 3292 3299 3678 9506 1209 10154 2739 12538 3706 3710 3358 11684 3236 12623 12244 12181 12655 12237 12651 12303 3402 12347 
8715 17660 7230 7440 16385 4254 16175 2095 2322 2325 2328 2602 2155 11547 11100 11267 11270 11273 11040 7729 16674 3093 12038 13199 
3756 12701 601 9546 3803 12748 2539 11484 7118 7269 16063 16214 246 166 9111 1424 1592 1593 10537 324 9269 9191 2943 11888 2086 10369 10538 3385 12330 457 11031 9402 
5701 5201 5674 5295 5123 5126 5626 14068 14240 14146 14571 6891 6714 15836 15659 4757 4788 5437 5621 4382 4374 4320 4551 5630 4579 14566 14575 14619 14071 13319 725 14382 14646 1470 9670 2357 13524 13265 13702 6297 13733 13327 13496 3691 12636 11302 7517 10415 16462 15242 
6064 6066 6199 6202 6206 5802 5770 14715 14747 15144 15011 15151 15147 15009 1616 10561 8376 8517 8497 17442 17321 17462 
8369 8374 8373 8665 8658 8219 8545 8201 8220 8636 8641 8640 8342 8576 17610 17287 17521 17164 17585 17581 8618 17586 17318 17319 8306 8283 8612 8608 8610 8325 8326 8118 8332 8142 17087 17277 17563 17553 17490 17603 17146 17557 17251 17271 17063 17228 17314 17165 17270 17555 5552 5338 14497 14283 7093 16038 55 56 9001 9000 2590 11535 
5134 5196 14141 500 14079 1837 9445 3608 3616 3624 3623 3831 3625 12553 12568 746 9691 1834 12561 12776 12570 12569 7521 10779 16466 127 30 99 98 9043 8975 9044 9072 4295 10782 2295 2592 2306 2115 2639 2132 2370 2374 2392 13240 881 9826 11584 11060 11537 11240 11319 11251 11315 11337 11077 3291 3219 12236 12164 
6501 15446 8345 8611 8530 8179 17556 17475 17290 17124 7479 7690 7646 7371 7353 7100 7619 7617 7329 7323 7328 7616 7084 7051 16298 16316 15996 16274 16564 16424 6557 6286 6415 16562 16029 4171 15360 15231 15502 8496 8156 16268 16561 16591 16045 16273 16635 135 137 245 160 162 276 308 9105 9082 9107 9253 9190 9221 9080 2995 3138 11940 12083 4195 17101 17441 13116 13140 
6999 6869 15814 6582 15527 6814 15759 15944 8549 8214 8298 8303 17494 17159 17243 17248 2894 11839 684 362 372 367 9629 9307 213 9158 7336 16281 2288 2089 2305 2156 2419 2429 2163 2164 2434 2169 2402 9317 9312 2480 11233 11379 11347 11034 11109 11108 11114 11364 11101 11374 11425 11250 8173 17118 
3533 12478 8378 8533 8145 17478 17323 4824 17090 6368 6317 6254 15313 15262 6771 6690 15199 111 86 21 80 15635 15716 9031 9056 8966 9025 3107 2921 2781 12052 11726 11866 943 13769 2650 2143 2652 9888 11595 11088 11597 469 9414 
8782 8760 8786 17731 17727 17705 7542 16487 6947 15892 4751 5381 4494 4756 4758 4309 4308 4759 4499 4311 4501 4502 5408 4331 4995 5535 4457 13703 13444 13402 13254 14326 13696 13256 13446 13447 13439 14480 13704 14353 13276 13940 13701 13253 377 9322 8501 7811 17446 16756 7756 16701 1028 9973 
6020 6053 14998 14965 8427 8406 17351 17372 3934 4080 4057 3910 13002 12879 13025 12855 4372 13317 1086 1092 1200 1204 1205 1120 1232 1113 1112 1110 10149 10055 10145 10031 10065 10150 10177 10037 10057 10058 6288 15233 7044 15989 337 9282 7836 16781 
655 529 534 543 685 699 569 630 638 571 9600 9630 9575 9474 9644 9516 3569 9514 9479 2386 9583 9488 1639 11331 2540 11485 465 462 12514 411 9410 9356 2358 10584 8483 7945 17428 16890 4611 4968 13556 13913 9407 3209 12154 11303 
7004 6888 6898 6880 6887 6882 6873 6863 6985 6826 6957 6800 6962 6808 6809 15832 15825 15949 15753 15808 15827 15771 15907 15843 15930 15833 15754 15818 15745 8392 8116 17337 17061 15902 6694 6774 6643 6693 15638 3094 15719 102 101 9046 9047 76 72 16 15639 15588 2915 2791 3119 11860 116 104 106 25 8970 9051 8961 9017 9049 9061 9021 12064 12039 11736 7038 15983 4450 13395 839 844 968 896 9784 9841 9913 9789 
5669 5671 5270 5651 5649 5200 5656 5304 5112 5633 5161 5102 5084 5092 5033 5094 5682 5683 5670 5657 5241 5664 5280 14225 510 9455 14628 14615 14106 14249 14029 14047 14614 14594 14578 14627 14215 14145 14596 13978 14039 14602 14609 14616 14601 14037 14186 7681 7232 16177 16626 1419 1414 10364 1433 10378 10359 4625 4591 5360 4704 5361 4950 5507 13895 14057 13649 13536 13570 14305 2127 2129 14452 14306 4130 4129 13074 6359 13075 15304 3667 3384 12329 12612 11074 11072 
8741 17686 7266 16211 2982 11927 5479 14424 2134 2396 2139 2395 11079 3284 3366 3347 3478 12423 12292 1077 1194 12311 435 388 9380 9333 2671 2727 2728 10139 10022 3371 3289 12229 12316 2258 11616 11203 11673 11084 11672 11341 11340 1080 10025 12234 6216 15161 
8851 17796 7206 7208 16151 5394 16153 1859 1417 10804 10362 801 805 14339 987 9932 9746 9750 2866 2865 3180 3169 3166 3165 3026 3025 3144 2960 2784 11811 11905 12114 12111 12089 11810 11729 11970 12125 11971 12110 3926 4074 12871 13019 6538 15483 6720 15665 
8259 8207 8188 17133 17204 17152 6944 15889 1530 10475 7660 7649 7132 7134 7393 7608 16594 2397 2175 11120 11342 434 432 760 9705 9379 9377 201 9146 16077 16079 16553 16605 16338 4020 12965 6261 15206 
3194 12139 5048 5589 5586 5073 5171 14534 14531 13993 14018 2695 14116 1548 10493 7451 7508 7184 7188 7696 7459 7126 7112 16071 6413 16133 2984 15358 6768 6815 6630 6678 6629 6726 15760 15575 15623 15574 15671 15713 11929 4821 16641 16129 16404 16057 16396 16453 4969 4617 5514 4439 13766 14459 13562 13914 13384 1093 10038 11640 
5198 14143 3775 3820 12720 4959 4923 4874 4886 5114 5337 5336 4679 5348 4720 4711 5362 4710 5364 4483 4341 4802 4810 4819 4830 14059 944 13904 12765 9889 13764 13655 13286 13428 14281 14282 13868 14309 13747 14307 13755 13656 13665 13624 13831 14293 13819 13775 3881 3878 12826 12823 
8746 8752 8848 8874 8894 8933 8872 8756 8765 17819 17878 17793 17817 17691 17697 17710 17839 17701 6911 15856 2902 11847 2818 2816 11763 4122 3970 13067 12915 4385 4323 11761 4179 13330 981 995 9940 9926 13268 2222 11167 442 9387 2268 13124 11213 
6612 15557 8540 17485 3076 12021 1736 10681 7493 7492 7693 7418 7341 7560 7339 16505 6452 16286 48 15397 6263 6388 16638 1543 1386 10331 7155 7421 7149 7420 15208 15333 2959 2942 3109 11887 7239 11904 12054 1851 10488 10796 6425 6281 16366 16438 16094 16284 16363 16100 16184 16365 16437 4242 4240 15226 15370 8993 13185 13187 
6504 6486 6596 6457 6463 6580 6586 6608 6603 6602 6455 15449 15548 15431 15408 15400 15402 15553 15525 15541 5231 14176 3591 12536 784 761 9706 9729 1986 10931 7670 7403 7401 7658 16348 16615 3137 12082 7564 7306 15547 15531 2769 16603 7115 7067 16060 16509 16251 16346 16012 6660 15605 18 8963 11714 2593 2307 2090 2538 2746 2546 11691 11035 629 452 11252 6242 11491 11483 11538 9574 9397 15187 
5058 5290 14003 14235 2053 1828 1830 10773 10775 3497 12442 1941 10998 909 10886 9854 7507 7674 16619 3018 2927 2930 2782 11963 11875 11872 11727 6679 15624 4470 16452 7819 13415 16764 
5618 5160 5556 5553 5024 5043 5047 5191 5195 5571 5065 14516 14498 14501 13992 14105 13969 14140 14136 14563 13988 14010 1793 1791 1752 10736 10738 10697 3036 3172 12117 7255 16200 7337 16282 4288 4706 5368 11981 1292 14313 13233 13651 1933 1293 10238 10237 10878 300 9245 4056 13001 2881 2916 11826 11861 6743 15688 7023 15968 4947 13892 
6867 6822 6825 6819 15764 15812 5141 5653 5699 14644 14086 14598 517 9462 6434 15379 15770 15767 112 9057 4274 5342 4273 4472 5344 4474 4690 4280 4694 5378 5433 4364 4376 5469 4352 5443 4553 4884 4539 4345 4517 4510 4783 4386 4875 4545 4887 4390 4565 4946 4660 13510 13820 14388 13225 13219 14414 13218 13635 13490 13455 13484 13498 13419 13297 14287 13639 13309 14289 13335 13891 13829 13331 13605 13728 13417 13290 13832 13321 14323 13462 14378 2400 11345 1154 10099 
8866 8828 8797 8780 8754 17811 17773 17725 17699 17742 6959 6963 15904 15908 4843 5502 4939 4745 4731 4732 5372 4292 4492 13884 13788 14447 13677 13237 13676 14317 13690 13437 8510 7831 7817 16762 16776 17455 2070 11015 
5684 5105 5110 5600 5157 5172 5297 14117 14055 14545 504 9449 14242 5543 14629 14488 14102 14050 3389 3779 3313 3415 3414 3453 3338 3315 3685 3686 3230 12724 12630 12334 12283 12398 1167 10112 3420 12359 12260 12258 12365 12360 12631 12175 7706 7174 7304 16651 16249 16119 3126 12071 2071 11016 
8921 8930 17875 17866 8583 17528 7243 7249 7359 7105 16050 4433 4480 4714 5366 16194 16304 1262 1304 13659 13378 13425 14311 1628 10573 2846 10249 10207 2274 11791 4140 4222 16188 5017 11219 13962 13085 13167 
8663 8661 8371 8668 8370 8657 8362 8656 8320 8290 8615 8180 8528 8565 8230 8235 8567 8237 8562 8335 8329 8330 8628 17235 17510 17180 17316 17265 17606 17315 17613 17307 17182 17473 8249 8068 8042 8422 8066 8254 8251 8038 8274 8260 8287 8602 17274 17175 17011 17608 8568 17275 17547 17513 17219 17280 17507 17232 17602 17512 17601 17205 17573 17199 17125 17367 17560 17194 17196 8473 7787 8109 7790 8111 8463 16983 16732 17013 16987 16735 17056 17408 17054 17418 6923 15868 4604 13549 1950 10895 7097 7069 7313 16014 16042 16258 7959 8147 17092 16904 
5182 14127 1804 1766 1704 10749 10649 563 10711 3784 9508 2670 11615 12729 7138 7104 7605 7597 16542 6528 15473 7578 7298 7283 7588 7068 7577 16083 16228 16522 16049 16533 16243 16013 16523 16550 2891 11836 4133 4023 12968 13078 2577 11522 
5676 5658 5041 5562 5564 5080 5602 5611 5188 5588 5070 5703 13986 14133 14015 14648 14509 14547 14533 14603 14025 14556 3760 12705 577 9522 1943 14621 14507 808 10888 2840 3168 12113 11785 68 9013 4922 4928 5492 4926 4416 4576 5495 5497 13867 14442 13871 13361 14437 14440 13873 13521 2332 2137 2393 2666 9753 11611 11082 11338 11277 6350 15295 
1676 1677 1987 10932 10621 8309 8582 17254 17527 5181 10622 3517 12462 14126 6294 15239 3296 3411 3416 3687 3355 12300 12356 12632 12361 12241 3184 12129 4181 4176 13121 13126 
7705 7487 7417 7389 7307 7291 7346 7351 7439 7501 7703 7505 7511 7506 16648 16362 2770 2893 11715 11838 7012 7530 7013 7026 16334 16451 16252 16475 16456 15957 16291 16384 16446 16296 16450 15971 15958 16236 16650 16432 812 9757 2867 3193 12138 11812 
3532 3576 3764 3549 3604 12709 12521 12477 12494 6818 15763 5591 5593 14538 14536 984 12549 1246 1238 1125 10191 10070 10183 7390 16335 3955 4106 3961 4107 3956 4102 4099 3952 4096 3945 4093 3987 3838 12897 12900 12906 12890 12932 13041 13052 13051 13044 13047 12901 13038 12783 7956 16901 9929 
5250 5634 5117 5560 5573 5214 5218 5229 5723 14163 3800 12745 14579 14518 14159 14062 14668 14505 14195 14174 3679 3407 3680 12625 2517 2730 11675 2545 2266 2557 2261 11490 11462 11211 11206 11502 3714 3264 12624 12659 12209 12352 5328 14273 7678 7164 16109 16623 2993 11938 4961 4590 13906 13535 2349 11294 
5279 5205 14224 14150 526 9471 770 650 652 649 9595 9715 3655 9597 9594 3592 12537 2573 11518 3522 12467 12600 1369 1571 10314 10516 7822 8385 7975 7974 16920 16919 16767 17330 6715 15660 
5242 5693 5078 14023 512 697 703 536 689 688 14638 642 624 9587 9481 9634 9569 9633 9457 9642 9648 2611 14187 1664 11556 989 819 9934 9764 7432 10609 3173 16377 7529 7528 7011 12118 4210 4207 4185 15956 16473 16474 2108 2615 11053 11560 13155 13152 13130 
3669 3399 12614 12344 594 9539 1014 888 1022 1024 900 899 903 1025 905 9967 9850 1504 10449 4910 4908 4890 4384 4563 13835 13329 13855 13853 13508 2335 9848 9845 9969 9833 9970 9959 9844 3340 3368 11280 12285 12313 2575 11520 
6617 6589 15534 3129 15562 6524 12074 2015 10960 6560 6554 15505 2793 11738 6770 15499 15469 4593 4980 5389 15715 7234 7546 7312 7504 14334 13538 13925 304 9249 6342 15287 7091 7624 7340 7347 16569 16292 16285 16257 16179 16491 16449 16036 6365 6321 15266 15310 20 8965 
8904 8903 17848 17849 8448 17393 1016 9961 2018 10963 1350 10295 6284 6408 6392 6337 6407 6541 6278 6546 6336 6325 6323 15352 15486 15281 40 114 8985 9059 6311 6313 6319 15264 15353 15229 15491 15268 15223 15258 15282 15337 15256 8167 15270 17112 4466 13411 
2979 3128 12073 11924 7311 7332 7627 7333 7618 7327 7324 7550 7022 7083 7072 7075 7077 16278 16017 16020 46 43 91 24 8969 8988 7020 7539 7018 7218 9036 7305 7620 7085 7630 7125 7391 7318 7074 16030 16263 4155 8991 4871 16575 16250 16272 15965 7615 16572 16022 7297 16242 15963 16336 15967 16484 16269 16277 16070 16019 16256 16563 16565 16163 16028 16560 16495 13816 13100 
8351 8247 8578 8579 8255 8558 8536 8295 8293 17481 17296 17523 17200 17192 17238 17503 17240 17524 1718 1889 1887 1939 1618 10834 10832 10663 6556 6558 6341 10884 347 15503 2958 15286 15501 7570 11903 5404 4792 4786 4526 16515 10563 3159 12104 5418 4425 13370 6197 14349 7491 13471 13731 13737 14363 9292 16436 15142 
5983 5972 5951 5955 5980 5982 6149 6156 6191 6192 6190 6003 6004 6000 5940 14927 15137 14925 14885 14900 14949 14948 15094 14896 14945 15136 14928 6811 14917 15101 15135 15756 4970 4981 4449 13926 13394 1450 10395 6247 6248 15193 15192 13915 
1716 10661 565 646 9591 3802 9510 6611 6419 15556 15364 3795 3242 3454 3265 12747 12740 12187 12399 12210 3074 12019 4418 5183 4962 14128 955 828 13907 3212 13363 2626 9773 9900 12157 11571 
8856 8768 8714 8918 8913 8907 8694 17713 17852 17858 17659 17801 17863 17639 6916 15861 3124 12069 5489 4574 4952 4426 5508 4455 5292 14237 13400 14434 14453 13519 4084 4066 13029 13011 6260 6521 15205 15466 2936 11881 7094 16039 13897 13371 2302 11247 
6866 6886 6877 6980 6849 6976 15921 6842 15831 6989 6994 6879 7006 6828 6832 6836 6978 6853 6838 15925 15798 6847 6844 6824 6964 6823 15781 15794 15951 15777 15811 15923 15769 15824 15773 15792 15787 15909 15783 15934 15939 7201 15822 15789 15768 35 14 17 8980 8959 8962 2779 11724 16146 8056 8046 8021 7951 16991 16896 16966 17001 2882 3084 2884 11829 4183 4245 4180 12029 11827 13125 13128 13190 2267 11212 
5259 5020 5131 13965 14204 6430 6540 15485 7326 16271 4411 4918 4410 4915 4568 4402 4829 15375 4592 4618 4620 4438 4975 4627 14076 13565 13537 13513 13860 13383 13774 13347 13355 13356 7177 7173 16118 16122 4367 13920 13863 13312 13563 13572 305 9250 19 8964 6910 6673 15855 15618 
6953 15898 1483 1857 1855 1700 1888 1879 1741 1920 10865 10686 10645 10802 10800 10824 10428 2946 2847 10833 3914 12859 6361 11792 2941 15306 8505 11886 3083 17450 7912 7751 16696 16857 4048 4060 4054 4049 12993 13005 12999 12994 11891 12028 7199 16144 
3534 3528 3530 3537 3746 3527 3768 3777 3547 3545 3597 3792 3606 3610 3609 12713 12479 12490 12551 12482 3630 3642 12554 12587 3809 3626 12475 12722 12542 12555 12691 12492 12473 12571 620 12737 12472 12754 1929 1699 1695 1981 1717 1898 1899 2040 10843 10844 10985 10640 10644 10662 10926 7161 7321 16106 16266 3200 10874 9565 2664 2423 12575 3249 3246 3455 11368 11609 449 444 12145 12194 3261 12400 12206 12191 806 1013 9389 9394 9958 9751 855 9800 
1973 1710 1724 1747 1807 1808 1829 1823 2021 10774 10753 10918 3785 12730 765 9710 1764 10752 10709 6725 15670 1604 10549 10669 10966 10655 10692 1405 10350 3028 10768 7331 7325 16276 6405 6369 6318 11973 6270 15215 15263 15350 15314 4223 4157 16270 4038 3868 12983 12813 7859 7848 7852 7977 16797 16922 16804 16793 13102 13168 
3747 3565 3620 3797 3798 12510 600 544 502 9489 9447 3560 3417 3474 3712 12505 12742 12743 12362 12692 12565 3227 9545 1824 12419 12172 1160 1161 1085 1235 10030 10106 10180 10105 12657 7449 7158 7156 10769 8165 8164 16394 16101 16103 7299 16244 8146 17109 17110 17091 
8821 8747 8852 8876 8875 8890 8789 8838 8825 8899 8683 17783 17770 17797 17628 17766 17692 17844 17835 17734 17821 17820 1860 1485 1486 1681 1506 1869 1883 10626 2009 1740 1910 1406 1408 10954 10685 220 204 202 9147 10430 3065 12010 6728 6680 15673 28 8973 15625 6287 15232 5515 10451 10855 1623 1626 1442 10351 10387 10568 10431 10814 10353 10828 10805 10571 268 256 147 289 9165 9234 9213 9201 9149 9092 14460 
1727 10672 7709 16654 5592 5226 5712 5300 5717 14171 14537 531 14662 14657 14245 2596 2311 2442 11541 11387 11256 9476 7120 7604 7066 16011 6328 15273 6793 16549 16065 3153 12098 15738 4482 13427 948 830 794 9739 9775 9893 
1675 2000 1690 1723 1772 10668 10620 10635 5170 5121 10717 8033 16978 7284 7289 16234 16229 4459 14066 14115 13404 7171 10945 1868 1266 10211 10813 6420 15365 96 9041 4681 4313 13258 13626 2646 2128 2617 2112 11591 11057 11562 11073 16116 
3531 3751 3750 3536 3538 3548 3776 3782 3773 3540 3572 3600 12718 12481 3810 12517 12721 3814 3812 3660 3659 12727 12483 12605 12476 12757 12493 3596 12755 12485 12696 12541 12695 3437 3409 3392 3555 3671 12545 12604 12759 12500 3696 3433 3704 3505 3281 3727 3729 3282 12649 12337 12672 12378 12382 2555 11500 1044 9989 12616 12641 12227 3466 3451 3482 12354 12427 12226 12411 12674 12450 2726 2414 12396 11359 11671 4676 13621 
681 9626 2459 2354 2380 2550 11404 2256 2263 11201 11495 11325 11208 11299 1141 10086 4120 4082 3928 3923 3882 4027 4026 3880 3879 3858 12803 13027 12971 12873 12824 7835 12868 13065 12827 12972 12825 16780 7844 16789 
1694 1706 1996 1800 2050 1803 10941 10651 10745 10748 10995 6609 6494 15554 15439 8264 17209 7699 10639 6998 6762 6984 15707 15929 15943 4186 16644 13131 6709 6666 6904 6624 15654 15611 15849 15569 
574 691 731 9519 748 9693 3495 3735 3640 12585 12440 12680 3192 9676 882 9827 6262 6531 12137 4497 4503 4317 4318 15207 15476 2277 2076 2135 2096 13262 13448 13442 13263 9636 11041 11021 11080 11222 3309 12254 
5577 5574 5563 5595 5150 5632 5210 5236 5661 5207 5255 5301 5319 14246 14522 14181 14577 14152 14606 14264 14155 14095 3771 14519 14540 1479 1518 1565 12716 3496 3279 3353 3724 12669 1180 1193 1099 1097 1207 12441 12298 12224 10138 10042 10125 10044 10152 1945 14200 7452 16397 4575 4588 4621 13520 14508 10424 10463 10890 10510 195 9140 13533 13566 6232 15177 
5950 5945 5957 5977 5978 6006 6018 5816 5811 14756 14951 14895 14761 14902 14963 14923 14890 14922 3078 12023 4330 13275 1318 1316 10261 10263 2835 11780 125 9070 7965 8160 17105 16910 
3748 3755 3763 3759 3554 3546 3586 3781 3774 3582 12704 3605 3783 3639 12550 12719 3627 3631 3816 3828 3636 12584 12728 12499 12761 12491 12708 12726 12700 12581 12572 12576 12531 12693 12773 12527 1935 10880 3177 12122 7024 7296 7099 7078 15969 16023 16044 124 16241 6280 6547 6381 9069 4289 15492 15225 15326 2367 2389 13234 11334 11312 4966 13911 
5979 5993 6173 6234 6175 6152 6148 6092 6036 6023 5932 5855 15120 14877 15093 14981 15097 14968 14800 15037 15118 14924 15179 14938 5505 5506 4424 5197 14142 14450 14451 2337 13369 2458 2690 2180 2248 2542 11487 11125 11635 11193 11403 11282 437 9382 5519 14464 
5904 6157 14849 15102 8420 8429 8577 8575 8025 8421 17520 17522 7906 8430 8442 8449 8092 7779 7881 8007 7736 8408 7739 8415 7750 8031 17375 16724 17037 16851 16695 17365 17360 16952 16976 16684 17374 17353 16970 17387 17366 17394 16681 16826 1924 1317 1926 1925 1596 1428 10541 10373 10869 10870 10871 10262 977 9922 1060 1176 1056 10001 10121 10005 970 9915 
8883 8781 8721 17666 17828 17726 7277 7579 7293 16238 7669 7667 7414 7413 7666 7146 7145 7148 16614 16090 16611 16093 16612 4396 5483 4552 5470 4380 16359 16358 16524 5995 6210 13341 13497 14428 13325 14415 323 303 203 9148 9248 9268 8152 8500 16091 16222 2964 2800 2952 11745 11909 11897 17445 17097 14940 15155 
1709 1999 2047 1813 10758 10654 564 589 582 581 741 541 9527 9534 9509 9686 3615 12560 1849 1825 10794 10944 10992 1998 1890 1488 1577 10770 10433 10943 10835 3167 12112 4476 4283 4285 5352 4479 4888 4878 5482 4898 5485 4566 4564 4905 4609 13833 13424 380 9486 9325 2167 2443 9526 13228 13850 13230 13509 13823 14430 13843 13554 13421 14297 14427 13511 2074 10522 3294 12239 11112 11388 11019 
5275 5113 5603 5619 5082 5074 5059 5042 5029 5558 5054 5584 5061 5219 5696 5698 14019 14503 14164 14058 14641 13987 14529 13999 548 14564 14220 14006 14004 607 9552 14027 13974 14548 9493 2495 2742 11440 779 11687 766 431 9711 9724 9376 1343 14643 10288 7128 16073 3922 3927 3932 4077 4076 4073 13022 12872 13021 13018 12867 12877 2270 2289 11215 1243 10188 11234 
492 687 556 9437 9501 5629 14574 2563 2559 2506 2754 2558 11699 3650 11451 11508 2533 11504 1107 10052 12595 3716 3483 3464 12409 12661 12428 451 448 11503 11478 467 9632 1625 10570 5013 13958 355 9396 9393 9300 9412 3396 12341 
6615 6445 6466 6610 6485 6594 6472 6591 15536 15417 15560 5282 14227 6498 6460 6571 15405 15539 15443 15516 15411 15390 15430 6518 15463 4743 4748 4752 5387 13697 3442 12387 1237 10182 5729 13693 14674 14332 1313 13688 7471 7458 10258 1353 16403 15555 8163 7970 10298 345 16416 16915 17108 9290 
472 470 9415 9417 3815 3475 12760 2384 2385 2365 2630 12420 11575 11329 11310 11330 7095 16040 3120 3117 2917 11862 12065 12062 4211 4164 4160 4163 4152 4229 4224 4138 13097 13174 13083 13156 13105 13109 13108 13169 132 9077 
5985 5925 14930 14870 7021 7543 16488 1259 1568 10513 10204 7454 7366 16399 4650 15966 1029 1030 16311 8515 13595 229 9174 3376 12321 9975 9974 17460 
8770 8893 8790 8680 17715 17625 17735 17838 5456 14401 164 273 270 161 9106 9218 1221 1100 1181 1073 10166 10126 10018 430 10045 2231 9375 7700 7490 7189 9215 9109 6566 16645 16435 16134 32 8977 15511 2301 2310 11255 11246 11176 
5774 14719 8006 8047 8278 8475 8633 8350 17223 17578 17295 8390 8456 7752 16951 16992 16697 17401 17335 3090 17420 6519 6356 6550 15495 15464 15301 4381 5471 4397 4554 4389 5474 4885 4883 4393 13342 13338 14419 13334 13830 13828 13499 14416 13326 242 241 9187 9186 7826 12035 4192 16771 13137 
5819 5764 14764 14709 6650 6695 15640 15595 2371 2637 2373 2667 2425 2426 2658 2415 2482 2706 2193 11603 11360 11318 11612 11370 11427 11138 11582 11316 11371 11651 3262 12207 4673 13618 2627 2366 11572 11311 1119 10064 
6581 15526 5830 14775 6290 15235 1263 1507 1510 1384 10452 10329 10208 10455 267 141 138 9212 9086 7178 7431 7384 7117 7109 16062 16376 16054 16329 16123 4945 5504 4652 9083 6196 13597 13890 14449 838 9783 15141 
3557 12502 754 753 562 523 744 9689 9468 9698 9507 7502 9699 8511 16447 7272 7288 7062 16233 16217 4405 16007 1362 10307 837 9782 2388 13350 2081 2454 2684 11333 11399 11629 11026 17456 
669 496 676 675 670 661 473 475 486 671 488 499 694 520 522 706 692 683 9615 9441 9637 718 572 759 745 730 588 9444 9620 9663 9420 9704 9467 9465 9606 9517 9639 9431 9690 9533 9433 9621 9628 9614 9651 2510 11455 591 736 9675 9536 9418 9616 9681 555 409 9500 2411 2150 9354 235 9180 4870 5496 14441 13815 1061 1066 10006 10011 2662 11356 11607 11095 
8843 8771 8916 8928 8911 8686 17631 17788 17861 17856 17873 17716 6730 15675 7558 16503 1505 10450 7396 16341 4079 4044 13024 12989 5403 4615 4979 13560 6213 14348 13924 3312 12257 15158 
6613 6508 6469 6490 6604 6454 15558 6956 15901 6446 6438 6437 6484 6592 6479 6464 6461 6584 6471 15435 15424 15383 15391 15416 15399 6473 6597 6410 6427 6533 15478 15406 15549 15418 15429 15529 15537 15453 15382 15409 15414 15542 1744 10689 6344 15372 2774 2904 2906 2907 11851 7548 15289 5406 4784 4324 4530 4360 4529 4354 4897 15355 4669 13614 13842 13729 13475 13269 13299 13474 13305 14351 1306 16493 2799 11852 4504 11849 11719 11744 6376 6320 15265 15321 3377 10251 6180 13449 1159 12322 10104 15125 
8896 8791 8713 8681 17626 17841 17658 17736 2918 2908 2951 3155 11863 11896 12100 7596 16541 6739 6632 15577 15684 7233 11853 2285 2286 16178 6257 6316 15202 15261 344 9289 2628 2629 2120 2131 2640 2178 11574 11231 11573 11123 11230 11585 11076 11065 3683 3206 3205 3207 12152 12151 12150 12628 
8564 8523 8181 8541 17126 7629 7355 16574 8077 17468 8138 8143 8492 7809 7807 8141 7812 17509 17437 8000 8401 7997 7720 8394 7990 7880 17486 17088 16942 17346 16665 8087 8470 8119 7797 7783 7933 8034 7745 7738 7893 17022 16754 16825 17032 16878 17083 17339 16742 17086 17064 17415 16683 16752 16838 16757 16935 16945 16728 16690 5742 16300 4016 4012 12957 12961 16979 14687 4266 13211 
5974 5968 6026 6136 6143 6130 6127 6123 6105 6061 6021 5960 5913 5910 5912 5915 5900 5841 5833 5823 5789 5801 5798 5800 5815 15075 14760 14845 15068 14857 15072 14858 14778 14966 14768 15081 14734 14971 14905 14860 14746 15088 15050 14919 14745 14743 14786 14855 15006 14913 6677 15622 4808 4614 4434 4654 4454 13559 13379 13399 7497 13599 13753 341 16442 2327 9286 11272 
5206 5263 5559 5097 5203 5604 5613 5076 5130 5136 5617 5177 5185 5278 14549 14562 14130 6170 14021 14223 14075 14042 14208 6379 14504 14151 14148 14122 14558 14081 3135 15324 4523 4637 4420 4929 4533 12080 13468 13478 13365 13582 13874 983 9928 15115 
654 508 559 595 714 554 713 9658 9599 9504 9659 9499 9453 8672 17617 923 795 9540 2363 2107 2255 2259 2238 2749 2257 2262 11204 11207 11183 11200 11202 11308 11052 11694 3738 12683 9868 9740 3208 3390 3424 3253 12335 12153 12198 12369 7169 16114 
8932 8929 8712 17874 17877 17657 6829 15774 8382 7849 7710 7840 8037 8041 7901 7900 8010 8018 7741 7920 8446 8060 7916 7761 7758 8051 7904 8050 8425 8049 8078 8441 7765 7909 7928 8090 7774 16710 16785 17023 16849 7795 7776 7775 8084 8458 8106 17005 16686 16861 16996 16794 7794 8125 8123 7943 8124 8122 16739 16888 17069 16846 17029 16719 16854 16740 16721 16703 16986 16994 16720 17068 17067 16955 16982 16873 16706 16995 16963 17070 17403 17327 16845 16865 17035 17370 17386 17391 17051 16655 6667 15612 
6899 7001 6868 7002 6876 6855 6851 6972 6816 6799 15947 15796 15800 15761 15744 15844 15946 15917 15821 15813 8646 17591 1503 1698 10448 2460 2737 11682 11405 2861 2825 11806 4716 4707 11770 7064 16009 307 207 9252 9152 10643 13661 13652 3232 12177 
5026 5069 5673 5308 5311 5721 5722 14618 2026 14256 6200 14253 14014 13971 2451 14666 3477 3607 3452 11396 12552 12422 12397 1336 10971 10281 4971 4893 4394 4903 4906 5487 4911 4919 4465 13838 14667 13856 13864 13410 13916 13851 13339 13848 14432 1089 10034 3248 12193 15145 
668 487 535 728 9480 9432 9673 8377 9613 8671 8269 8590 8589 8261 8256 17214 8627 8331 17534 8057 8100 8479 8457 8099 8619 8459 8452 8416 8088 8061 8595 8443 8435 8064 8067 17361 17540 17276 17201 17388 17572 17535 17404 17402 17564 17006 17322 17206 7991 8222 7879 8393 7718 8397 8399 7882 8398 8004 7733 8407 17616 7940 17167 16949 8428 8040 7996 7719 8402 7993 7992 8396 7994 8466 17045 16937 16664 17373 17424 17044 16936 7803 7936 7937 17347 17009 17342 16885 16985 17012 16824 17397 17033 17344 16941 17002 16663 17338 16827 16881 17341 17380 17352 16938 16939 16748 16678 17411 16882 17343 3085 12030 1340 1344 10285 10289 3393 12338 
8660 8368 8372 8670 8367 8217 8218 8307 8308 8620 8315 8321 8622 8245 8316 8347 8563 8334 17261 17190 17317 17163 17260 17279 17605 17162 17253 17313 17615 17508 17252 17266 17312 17292 17567 17565 6756 6860 6738 6965 15910 15805 15683 4128 3974 3972 4127 4114 3965 4109 3958 4103 4101 3950 3949 3948 4097 3943 3921 3925 4070 4069 3924 3913 3909 13059 13015 13073 12858 4011 3836 3847 12888 12956 12894 12910 12893 12781 5441 12903 13046 12870 12866 13048 12919 12917 12895 12854 13014 13054 13042 13072 12869 12792 4419 4692 15701 6845 15790 7445 13364 13637 14386 16390 3947 12892 
5261 5274 5244 5680 5045 5106 14051 14206 14219 14625 6857 6960 15905 6938 6769 15802 15883 6754 15699 15714 7345 16290 4607 4622 4634 13990 3561 14189 918 921 871 9816 12506 2552 11497 7708 9863 9866 1650 13552 13567 13579 3161 16653 1476 10421 10595 12106 
5933 6142 15087 14878 8227 17172 8112 8289 8312 7785 8418 8417 7891 7746 7898 7753 7911 8070 7764 7917 7918 17234 17257 16836 16862 16709 16856 17362 16863 17015 17363 16730 16691 16698 17057 16843 5500 4940 13885 2607 14445 3216 3401 3213 3408 12353 12346 12158 12161 1202 1203 10148 10147 11552 420 9365 7195 16140 
6496 6509 15454 7662 16607 6787 15441 3112 2913 15732 12057 4423 4867 4647 13592 13812 13368 1445 1307 10390 1561 1572 10517 10252 10506 7673 16618 2971 2803 3131 3157 11858 11916 12102 11748 12076 7356 16301 913 9858 
5256 5260 5702 14205 5072 5184 5168 5148 5597 5089 5164 5166 5189 14113 14647 14542 14201 1799 14111 14129 14134 14093 14034 14017 1937 1938 1595 1574 10744 10540 10883 10882 10519 2205 2499 2496 2738 11150 11683 11441 1132 11444 3369 3275 10077 1084 1252 10197 10029 12314 12220 393 9338 14109 7441 7395 7103 16048 16340 16386 7861 16806 
4985 13930 7518 7686 7475 7182 7482 7098 16427 16127 16631 16043 2950 11895 5423 4814 5434 5546 16463 1325 1922 14379 14368 10867 331 329 9276 9274 10270 7179 13759 14491 927 16124 16420 1148 9872 10093 
5986 5952 5894 5862 5803 5893 5984 5987 6016 6049 6052 6101 6116 6119 6168 6183 6181 6176 6177 6138 6063 6033 15121 15061 14897 15083 14931 15064 15113 14807 14961 15046 14994 15126 14929 15128 14978 15008 14997 15122 14838 14748 14839 14932 2920 11865 7257 16202 333 334 515 408 390 9278 9279 9335 9353 9460 
8719 8769 8864 8868 8783 8751 8734 8720 8710 17714 17696 17728 17809 17679 17664 17813 17655 17665 8032 8242 17187 16977 2889 11834 10 8955 2275 2344 2350 2348 2614 2343 2355 11289 11295 11293 11288 11300 11220 11559 1230 10175 6568 15513 4203 4154 13099 13148 
8363 8635 17308 17580 7987 8561 8445 8110 8305 16932 17055 17506 17250 17390 4065 3908 3896 3884 3993 13010 12829 12938 12841 12853 133 9078 6291 6426 6289 6400 6380 15325 15371 15234 2080 15236 15345 4983 13928 3447 12392 1166 10111 11025 7522 16467 
6872 6807 6971 15817 15916 6987 6926 6852 6749 6759 6758 15932 15752 15703 15797 6676 6628 6724 6675 6731 6683 6639 6661 6702 6917 6688 6638 6692 6662 6940 6779 6658 6642 15676 15620 15621 6919 6689 15603 15573 15607 15634 15871 15669 15606 15724 15704 15647 15694 15862 15633 15864 15 26 100 89 9045 8960 9034 8971 15637 15583 15587 15885 15628 15584 2777 11722 8503 8157 8148 7815 17102 17093 17448 16760 3079 12024 
5994 5888 5890 5873 5788 14733 14818 14939 14835 14833 8226 8052 8623 17568 17171 16997 4017 12962 790 924 800 802 932 930 933 810 936 893 895 891 894 9755 9869 9836 9840 9875 9745 9878 9735 9747 9877 9881 9839 9838 6417 15362 41 11 13 69 8986 8958 8956 9014 7007 15952 
6500 15445 6993 6862 6986 15807 15931 15938 8573 17518 7220 16165 6542 15487 1748 1811 1451 1940 1615 10693 10756 10885 10396 10560 4064 13009 8455 8082 17400 3086 17027 4684 12031 2084 13629 2673 2672 2497 11029 11617 11618 11442 1102 10047 
7419 16364 4760 4868 4854 13813 13705 232 9177 3752 3332 3427 3480 12697 12372 12425 12277 2457 2124 2329 13799 11402 11274 11069 
5627 5038 5575 5055 5306 13983 14572 14251 647 14520 14000 3567 3689 3461 12406 12512 12634 2526 11471 1251 10196 6298 9592 2200 11145 6794 15243 2957 11902 15739 348 9293 
5969 5821 5776 5757 5812 5813 5814 5836 5892 5885 6001 6041 6055 6056 6059 6062 6072 6109 6131 6187 6189 6163 15004 15007 15001 14830 15076 15054 14766 14721 15134 15108 14781 15132 14702 14986 14914 15017 14758 15000 14759 14946 14757 14837 7204 7524 7552 16497 16149 3199 16469 2625 12144 1157 10102 11570 
5891 5929 5869 5738 5740 14685 14683 14814 14836 14874 8476 7942 16887 58 53 3 1 17421 5380 4708 8948 8998 9003 8946 27 8972 8155 13653 14325 2145 2713 2714 11658 11090 1248 11659 427 10193 9372 17100 
5246 5276 5159 5116 14104 14061 14191 14221 3563 3603 12548 576 9521 1796 1783 10741 10728 7411 7402 7656 16347 16601 6423 6614 15559 15368 4326 16356 261 13271 3430 3432 3238 9206 2281 2410 2181 12377 12375 12508 12183 2227 2226 2230 2522 11126 11172 11226 11171 11467 11355 11175 3367 3713 12658 12312 1153 10098 
1732 10677 1795 2044 10740 10989 7259 7555 7634 7361 16500 16306 16579 4742 4447 16204 7046 15991 1540 13392 3310 13687 2114 11059 1210 10155 12255 7163 10485 8158 16108 3007 11952 17103 
590 9535 3805 12750 3622 12567 724 9669 2651 2399 2398 2407 11596 11343 11352 11344 2249 11194 3277 12222 1027 9972 316 9261 3011 3010 11956 7281 16226 4059 13004 2767 11955 11712 6404 6561 15349 15506 4992 13937 824 9769 
490 519 735 550 9435 9680 3822 12767 747 717 716 719 9661 9495 9692 9664 9464 1841 1630 10575 10786 2418 9662 11363 1117 1213 1196 10158 10062 10141 6935 15880 5341 5346 4689 4444 4619 14286 6220 13564 13389 13634 14291 2420 2478 11423 11365 15165 
8877 8729 17822 17674 8522 8606 8319 17551 17467 17264 1680 1256 1257 1884 10829 10625 10201 10202 4446 4639 13391 2362 2121 13584 992 860 976 841 875 9921 9937 9786 9805 9820 2467 2691 11066 11307 11412 11636 2634 11579 
6074 6088 5842 14787 15019 15033 6306 6529 6532 6598 6605 6349 6293 6551 15550 15543 4602 4964 15477 6315 15251 6265 6267 6377 6314 6363 6332 15294 15474 15277 15212 15238 15308 15496 15322 15259 15210 15260 159 292 9104 7175 9237 3162 16120 12107 6641 6748 6684 15629 15693 15586 13909 13547 
6874 6883 6864 6859 6982 15828 6967 15927 15804 8178 17123 2876 11821 6834 6735 15779 15809 15819 15912 15680 1861 1364 1685 1496 1365 1258 1871 1522 1526 1531 1381 1273 1383 1536 1907 10471 10481 10630 10852 10203 10816 7143 10309 10326 10218 10476 10467 10806 10328 10441 10310 6567 16088 15512 171 172 9116 9117 931 840 9876 9785 
8652 8655 17600 5567 14512 8486 8642 8344 7998 17587 17289 17597 17431 16943 150 134 319 9264 1391 1588 1422 2064 1656 1652 1462 1461 1957 1648 1948 1946 11009 10902 10891 10336 10601 10407 1893 1282 9079 10227 10893 10406 10593 10367 10533 10597 10838 328 9095 9273 2110 2221 11055 11166 
6894 6781 15726 2283 15839 3835 3848 12780 12793 190 9135 3449 3450 12395 1105 1219 1241 1239 11228 2531 11476 3364 3513 3286 3365 10184 10050 10186 2507 11452 3463 3252 3251 3343 3459 3705 12408 12231 12288 12310 12309 12196 12394 12404 12197 12458 12650 10164 
6595 6493 15540 5128 15438 711 542 622 9567 9656 9487 2336 2613 2456 2455 14073 4442 13387 2119 2141 2677 2165 2162 2452 2716 2211 2212 2216 2723 2207 2210 2502 2560 2561 2757 11668 11702 11558 11281 11086 11505 11622 11155 11157 11161 11064 11156 11506 11107 11401 11110 11152 11661 11400 11447 11397 592 9537 358 360 405 9350 9305 9303 
6895 6990 6975 15935 15840 15920 8193 17138 3183 3141 12128 5414 4782 4355 4806 5419 4514 12086 7538 16483 1447 10392 2595 13300 13751 14364 13727 3406 3215 3387 13459 14359 412 12160 12351 12332 11540 9357 
6027 5937 5832 14882 14972 14777 8380 8073 17018 17325 6431 15376 7360 7638 7641 7640 16305 16586 16583 1854 1516 1547 1403 1410 10355 10348 10799 10461 10492 3143 16585 12088 7984 7878 16929 16823 
513 514 503 9448 9458 5329 5132 14274 14077 7465 16410 5353 5561 4703 4872 14506 1475 9459 2856 13648 14298 13817 10420 4219 11801 60 57 2 54 9002 8947 9005 8999 13164 
701 9646 1820 2013 10958 1687 1686 1984 10632 10929 10765 737 9682 6435 10631 7308 7563 7251 7562 15380 1498 16507 6708 16196 7294 7589 15653 1147 16534 16239 5426 5436 16508 16253 2296 10443 14381 14371 965 978 9910 9923 2173 10092 11241 11118 
1726 1729 10674 764 9709 1812 1810 2061 1826 10755 10771 10671 3383 10757 5018 12328 395 394 9339 9340 11006 3160 2869 11814 4948 12105 6383 15328 2075 2598 2600 2312 13893 13963 7839 11545 11257 11020 11543 16784 
8882 17827 7540 7600 7322 16545 1931 1443 1379 10388 10876 10324 7444 7450 7679 7448 7116 16395 16485 16061 16389 16624 3127 3114 12059 12072 7899 16844 6353 6243 16393 16267 6389 15188 15298 15334 3957 3960 12905 12902 4321 5400 14345 13266 
8935 8924 17880 17869 7205 7525 7200 7209 7210 7214 7207 7009 7014 7532 16155 1858 1514 1268 1886 10831 10459 10213 10803 272 9217 6564 16150 16477 15954 16159 15959 16470 16145 16154 6537 6391 15482 15336 2966 16152 15509 2985 11930 11911 7872 7979 16924 16817 
8880 8945 17890 17825 7211 7183 7691 16156 16128 16636 4521 4798 5428 13466 14373 13743 1956 1456 1455 1576 1509 1508 1265 1375 1349 10454 10320 10400 10210 10294 10453 10521 10401 10901 1152 1036 10097 9981 
6502 6576 15521 505 9450 6513 6512 6575 6474 15419 15458 15447 15457 15520 1532 10477 3051 2912 11857 2795 11996 11740 6691 6634 15636 15579 7108 16053 859 975 9920 9804 3619 3363 12308 12564 1170 1187 1216 10161 10115 10132 443 9388 1958 10903 
8764 8833 8787 8910 8693 17638 17709 17778 17732 17855 5034 4876 4881 4879 4839 5448 4838 5439 5425 5494 5493 5501 4942 5503 4548 4392 4972 4630 13979 13493 1962 1919 10864 10907 6179 14384 13575 13887 13826 7513 14370 14439 14438 13821 13783 13917 13784 14448 14446 13337 13824 14393 912 16458 2938 2787 11883 11732 343 9288 9857 15124 
5268 5046 5032 5071 5730 13991 14675 14016 13977 5281 5524 4993 14226 14213 14469 13938 2462 11407 4678 13623 222 311 282 206 9227 1903 1904 1539 1533 1276 1521 1864 1356 1380 1881 9167 1412 1582 1580 1411 1579 1407 10325 10466 10826 10525 10809 275 9220 10301 10357 10221 10356 10478 10849 10352 10848 10484 2850 3067 9256 10524 10527 317 9262 9151 12012 11795 
8731 8862 17676 17807 2873 2900 11818 11845 4 59 9004 7545 7250 8949 4766 5397 5402 4319 4414 16195 539 9484 14342 13711 14347 13264 13359 1423 10368 7335 16490 16280 4187 13132 
6140 15085 8015 8017 8411 8117 8115 8469 7923 7740 7886 7902 7903 7905 8424 8014 17060 2766 17356 16831 17369 16960 17414 16959 16848 16685 16847 16850 16868 16962 7216 17062 3841 12786 4022 12967 16161 4264 11711 6668 13209 15613 
5759 14704 4728 4468 13673 13413 2379 2341 2192 2190 2704 2703 2527 11649 11472 11648 11324 11135 11286 11137 1654 10599 7427 7426 16372 16371 6789 15734 
8799 8827 8809 8888 8887 8850 8798 8860 8854 8835 8816 8778 8803 8711 8748 8759 8757 8837 8811 8723 8743 8704 17754 17748 17688 17780 17772 17743 17782 17704 17693 17761 17832 17805 17656 17723 17799 17702 17756 17649 17833 17744 17668 17795 5480 4862 4378 4549 4561 13494 14425 2987 2989 2814 2801 2953 2899 3095 2897 11934 12040 11759 11746 11932 11898 11844 11842 4159 4215 13506 13323 13807 7455 7456 16401 16400 7008 13104 13160 15953 
8785 8900 8853 8884 8806 8732 8777 8724 8699 17798 17677 17644 17751 17669 17722 17829 17845 17730 8248 17193 6439 15384 2828 2783 11728 11773 192 9137 2606 2239 11184 11551 886 1004 939 815 941 938 814 937 940 864 1018 1020 9759 9886 9965 9949 9831 9882 9809 9884 9760 9963 9883 9885 7196 16141 
8795 8793 8814 8826 8836 8794 8730 8750 8758 8871 8762 8895 8909 8908 17816 17781 17840 17695 17739 17854 17703 17707 17759 17675 17740 17853 17738 17771 7254 16199 1674 1905 1288 1287 10619 10233 148 9093 2837 2836 2935 2932 11877 11781 11880 6412 6324 11782 4302 15357 15269 1033 1149 10232 10850 2863 13247 258 11808 9203 9978 10094 
6572 15517 5555 5107 5088 5631 14052 14576 14033 14500 2052 10997 6846 15791 7203 16148 1512 1874 1870 10815 10819 10457 821 829 9766 9774 3682 12627 2697 2702 11647 11642 7976 16921 
8753 8902 8931 8831 8709 8690 8685 17654 17847 17635 17698 17876 17630 17776 5370 4943 14315 374 9319 1064 1174 1177 10122 2199 11144 3278 3708 3342 3702 10119 10009 12647 12223 12287 12653 7704 13888 2594 16649 11539 
6590 15535 1971 10916 700 9645 2734 2743 2747 2567 2569 2753 2551 2752 2541 11679 11486 11688 11698 11697 11692 11514 11496 11512 3821 12766 1212 1218 1227 10163 10157 3250 3434 3331 12195 12276 12379 10172 8150 8514 7830 17095 16775 17459 3834 3837 3986 3998 3885 12782 12931 12779 12830 12943 6264 15209 7825 16770 
6032 6080 6212 6178 15025 15123 14977 15157 7697 7478 16642 4891 5477 16423 1281 1617 10562 10226 799 13836 14422 2347 9744 3356 12301 445 11292 9390 
5897 5810 5806 5799 14751 14755 14842 14744 4104 3962 3954 3953 12907 13049 12899 12898 167 9112 7592 7061 7060 7591 7565 7285 7101 7665 7685 7469 7512 16005 16006 16536 16457 16537 16414 16630 16510 3204 16046 16610 3202 16230 2294 12147 12149 11239 
5211 5230 5314 14259 14156 7485 16430 2963 11908 6522 15467 163 154 181 291 180 290 9108 3123 2792 2944 3121 12068 4473 5345 5349 14175 14290 14294 13418 238 239 240 9125 9235 9183 9099 9236 9184 9126 9185 1390 1437 10382 10335 7664 16609 11737 12066 11889 2269 11214 
6070 6079 6091 6120 6122 6124 6077 6031 5884 15067 15024 15022 15015 15036 15065 14829 15069 14976 2764 11709 1995 1721 10666 152 10940 867 873 9097 3380 9812 9818 12325 3695 12640 
5901 5863 5858 5867 6019 6223 14803 15168 14964 14846 14808 14812 7793 16738 7042 15987 2929 3111 11874 12056 5398 4672 13617 14343 1091 1094 1201 10146 10039 10036 419 9364 2445 11390 
6970 15915 485 546 631 9430 5208 9491 2648 2377 14153 849 851 9794 1836 1833 1467 1465 1464 10778 10781 10412 10409 10410 791 961 850 846 964 979 879 1007 986 997 999 9576 2644 2381 2174 9952 9909 2528 11119 11593 11589 11326 11473 11322 9796 9944 9931 9824 9791 9906 9736 9924 9942 1008 9953 9795 1038 1156 9983 10101 
8677 8175 17120 2878 17622 7792 16737 7226 11823 4231 4230 4166 4239 4184 4252 4253 16171 6274 15219 6948 15893 7982 13184 13198 13111 13175 13129 13176 13197 8379 16927 17324 
6583 15528 6858 6856 15801 15803 6966 6821 15911 15766 5277 14222 866 862 1003 9807 5323 9948 9811 1040 14268 2317 2641 2154 2432 2669 2643 2166 11111 11099 11377 11614 11586 11262 11588 6665 9985 6296 15241 15610 
8766 17711 8189 17134 816 942 9887 1075 1074 1222 1224 10020 10019 10167 10169 3285 3514 3516 3266 3479 12424 439 438 12459 12211 12461 12230 1936 10881 817 818 872 1005 880 9383 9384 9817 9762 9825 9950 9761 9763 3431 12376 
6162 6172 6237 6235 6011 5838 5847 5748 5746 5749 5747 5745 14692 14956 15107 15180 14783 14690 15182 14691 15117 14693 14792 14694 6252 15197 7054 7290 15999 7820 7962 16235 990 856 9801 9935 2158 2331 11103 11276 16765 16907 
8667 8213 8556 8288 8593 8624 17233 8352 8493 8144 8649 8135 8491 8129 8130 8488 8346 8471 8467 8472 8121 8340 8299 17594 17158 17066 17080 17436 17433 17297 17285 17089 17417 17501 17074 17075 17412 17291 17569 17438 17416 17612 17538 17244 7766 16711 6707 6767 15712 7246 7557 7626 7092 16037 16191 16571 16502 1031 1144 15652 398 9343 9976 10089 
5988 5773 14718 14933 8343 17288 3892 3883 3891 12837 5498 4581 4421 4930 5491 4508 13453 13875 14436 14443 13526 13366 1326 1603 1513 1519 10271 10458 10464 10548 4036 3900 12836 12828 12981 12845 7215 16160 3373 12318 
672 786 721 707 560 708 705 477 478 483 9650 9422 9505 9428 9652 9617 9653 3520 9666 9731 370 9423 404 406 9315 9351 9349 1324 10269 7071 7274 7576 7043 16521 15988 16219 16016 2603 2098 2099 12465 2736 11043 11044 11548 11681 1055 10000 
6997 15942 8525 8185 8176 17470 17121 17130 4781 4787 13732 3692 3694 3267 3633 12578 12212 12637 12639 7162 7446 13726 1850 16391 16107 4030 3886 12975 12831 7527 7526 16471 16472 10795 
6616 6499 6607 6587 6458 6441 6488 6606 6618 6503 6505 6467 6453 6578 15551 6475 15448 15552 15563 15386 15398 15532 15420 15523 15561 15433 15444 15412 15403 15450 8356 8654 17301 8001 16946 1393 10338 3244 3493 12189 12438 4116 4112 4075 4071 3917 3916 3915 4050 4053 4051 3906 3849 3984 12995 13057 13061 12996 12998 12929 12860 12851 12794 13020 12862 13016 12861 7015 17599 346 15960 230 9175 9291 
8805 8906 17851 17750 6722 15667 2937 3115 11882 12060 4813 4837 5093 5438 4825 5098 4531 4350 4603 14043 14038 13758 13548 1435 10380 6785 6782 6766 6649 6732 15711 15730 15594 15677 15727 4452 13782 13397 14383 13770 7701 13295 13476 7194 16646 16139 64 9009 
5224 5144 5636 5158 5154 5146 5648 5313 5303 5318 5325 14258 14593 14248 14103 14169 14089 14270 14099 14581 14091 14263 777 9722 7442 16387 2585 2077 2103 2109 2117 2707 11062 11530 11054 11048 11652 11022 1121 1139 1142 10066 10084 10087 3372 12317 7510 16455 338 9283 
6507 6510 6601 6491 15436 6958 15903 5550 15546 15455 15452 3509 3734 3656 3503 12448 12601 633 12454 1114 12679 461 10059 3280 12225 414 9578 9406 9359 14495 1328 1327 1429 1354 10272 10374 10299 10273 318 9263 6648 15593 4697 13642 3298 12243 
6362 15307 6945 6920 6734 15679 15865 2986 2813 11931 2584 11758 97 94 9039 9042 6740 6915 6686 6637 6636 6635 15890 15685 15582 15580 15581 15860 15631 4626 4445 13571 13390 233 9178 3336 3700 3448 12281 12645 12393 2214 11159 11529 
5918 5751 5750 14696 14863 14695 1631 1315 1436 10260 10576 3046 10381 2570 11515 1115 1104 10060 10049 1661 10606 11991 3080 12025 
8820 8772 8863 8917 8695 17765 17717 17862 17808 17640 7566 16511 1862 1688 1491 1493 1495 1684 1497 1366 1867 1370 10633 10629 1303 1775 1594 10440 10720 10315 10442 10438 10436 10812 10539 10248 10311 3182 10807 7122 7121 12127 1034 16066 16067 2661 2416 2705 9979 11361 11650 11606 384 373 9318 9329 
8659 8587 8349 8644 8301 8253 17198 8184 8529 8521 8199 8200 8559 17604 17474 17504 8224 8225 8609 7988 7989 8029 8020 8022 8412 8257 8246 8044 8592 8613 17191 17558 17169 17246 17532 17170 17357 16989 17589 17144 16933 17202 17129 17537 17294 17554 17466 17145 16934 7939 7883 8005 8405 7730 7728 7922 8079 7786 8101 7932 16675 7888 16833 16974 16731 16828 16673 16877 16967 16884 16950 17024 16867 16965 17046 17350 1562 1434 10507 10379 2492 2219 11164 11437 1217 10162 458 9403 
5638 5287 5645 5283 14590 1997 1755 2027 1961 1809 14228 14583 14232 1606 2022 10972 10551 6144 10942 10967 10906 10700 10754 6292 6334 6534 6258 6256 15279 15201 15479 15237 15203 8161 7855 7862 8381 7845 7853 7842 16798 16800 17326 16787 17106 16807 16790 15089 
6497 6465 15410 2996 15442 7252 11941 16197 4856 4865 4337 4804 4580 13282 13525 13749 13810 13801 3457 12402 1663 1333 10608 7621 7593 7033 7031 7102 7632 16538 16047 16577 15978 16566 15976 4235 10278 13180 
5271 5685 5650 5104 5180 5642 5646 5285 5715 14595 14630 14230 14587 14660 14216 14591 14049 14125 702 528 9647 9473 2609 11554 168 9113 1378 1578 10323 10523 2854 2812 11799 3941 12886 4795 4519 4571 11757 6941 13740 13464 13516 15886 
8651 8650 8572 8333 8314 8243 8266 8311 17259 17256 17211 17596 17517 17188 5152 4951 14097 6214 6239 6240 13896 8465 7907 7910 7760 8059 8076 7919 7769 17278 17595 16855 16705 7801 7800 7798 7799 16852 16744 16746 17021 16864 16714 17004 16745 16743 17410 15159 15184 15185 
597 762 763 614 767 9707 3766 3778 9708 9712 9542 12711 12723 2729 2516 2719 11664 11674 11461 7707 7520 7197 9559 6272 15217 5411 5476 4398 4406 16142 8159 16465 16652 14356 13351 13343 14421 2122 2217 2224 11169 11067 11162 3346 12291 17104 
1711 1994 10656 3568 3542 12513 12487 1832 1794 2031 10939 10976 10777 10739 8391 8468 8318 8102 17336 17413 17047 17263 7748 16693 332 9277 2591 2680 2508 2215 2505 2717 11453 2234 2229 11662 11450 11179 11536 11174 11160 11625 1182 1070 1183 10127 10128 10015 3473 12418 
6043 14988 4443 5527 4649 13594 2852 3052 11997 11797 4272 4686 4693 4695 4329 4334 5538 13388 13274 14483 13640 13217 14472 13279 13638 13631 7567 7544 16489 2290 16512 3375 12320 11235 
6889 6988 6870 6817 15834 3558 12503 7581 16526 1545 1542 10490 6946 15762 15815 6820 6633 15765 15933 15578 15891 7349 16294 4730 4921 5490 4417 4427 4955 10487 2324 13362 13900 13866 13372 13675 14435 2345 2616 2170 11269 11561 11290 11115 7523 16468 
4977 13922 3395 12340 1078 10023 468 9413 327 9272 3174 3054 3033 2834 3014 3003 2956 11978 11999 12119 11901 6266 6329 15274 15211 7231 11948 11959 11779 16176 4088 13033 
6495 6480 15440 15425 5031 5023 5582 5145 13976 13968 14090 538 570 9483 9515 7242 7286 7292 7610 16555 16237 2030 10975 1610 1449 1448 1605 1431 1916 1584 10529 1915 16187 16231 2805 2974 3134 11750 12079 11919 6301 15246 2605 14527 1619 1587 1425 1299 1413 10860 10393 10394 10555 10532 10358 1296 1917 1302 10376 10247 10244 10241 10862 10550 10370 10564 10861 792 809 9737 9754 11550 
1974 10919 511 9456 3584 3587 3635 3651 3825 3652 12580 12596 12597 2504 2718 2524 11469 11663 3827 3485 12532 2519 11464 12529 12772 12770 436 12430 2172 2676 2674 2168 9381 3031 3038 3178 12123 11983 11976 7273 16218 2580 2444 2675 2177 2466 11389 11122 11620 11411 11619 11621 11449 11525 11117 11113 1096 10041 1220 1101 10165 10046 
5907 14852 1155 1171 1062 1185 1228 1052 1050 1063 10130 10116 10173 3732 3271 3352 3489 10007 9997 12434 1197 12677 12216 2503 2715 11660 11448 1226 9995 10142 10008 10171 10100 12297 3316 3317 12262 12261 
5668 5220 14165 14613 521 9466 3644 12589 750 9695 6593 6483 15428 15538 7406 16351 3045 11990 2579 2278 2073 2368 2681 11313 11018 11626 11524 11223 3742 3370 3288 3740 12233 12687 12685 12315 7438 16383 264 302 9209 9247 4641 13586 
6902 15847 8177 17122 5590 5063 14535 14008 1478 1517 10423 221 10462 4762 5390 4481 4484 4498 9166 3757 13707 13443 13426 14335 13429 1163 12702 2479 2698 2184 2191 11643 11129 11136 11424 8172 10108 3327 12272 17117 
5864 5898 5879 5771 5754 14699 14809 14716 14824 14843 8317 17262 3933 3935 12880 12878 7221 16166 1261 1371 1368 1444 10313 10206 3164 2961 11906 5396 4769 12109 10316 10389 13714 14341 6354 15299 
1520 1897 1892 1896 10465 10837 10842 7424 10841 3243 3808 12753 1165 1048 1045 1186 1195 1208 1215 10140 10153 10160 9993 10131 9990 10110 2236 12188 1426 10371 7628 7582 16527 16369 16573 2424 11181 11369 464 9409 2151 11096 
5967 6107 5762 5758 5796 5797 5804 5808 5906 14741 14707 14749 14851 15052 14703 14912 14753 14742 1484 1877 10429 2161 2509 11454 11106 1072 10017 5333 14278 1651 10822 10596 169 9114 4201 13146 
5142 5612 5610 5334 5335 14557 14279 14555 14087 5568 5453 5393 4772 14338 1806 14513 13717 3305 3210 12250 12155 410 9355 357 14398 14280 1335 10751 1421 1420 1298 10243 10365 10280 10366 6279 15224 2896 11841 4585 4584 5003 4664 13948 13530 13529 13609 9302 
3552 12497 3543 3594 3645 12590 12488 12539 8675 7725 17620 16670 5513 4997 5539 4462 4461 5001 5518 4628 4629 4631 4978 4644 14484 13573 13406 2102 13576 14458 13946 13574 13923 14463 13589 13407 13942 3394 3670 3438 12615 12339 12383 3360 12305 11047 
6141 6137 6125 6174 6217 15070 15086 15082 15119 15162 118 9063 2901 2771 11716 8395 7722 7723 17340 16668 16667 2877 2886 11846 11831 11822 7049 15994 7127 16072 7833 16778 
2010 10955 3526 3794 3578 3791 12523 5327 12736 12471 3638 3599 3598 3436 3428 3446 12373 12391 12381 12739 12544 12583 12543 604 9549 1463 14272 10408 7934 7757 7896 8002 7724 7999 7731 8409 8008 16879 16676 16702 16944 16669 16947 16841 17354 16953 7625 7342 7633 7647 7650 16287 16578 16592 16595 16570 3118 12063 
8861 8881 17806 17826 8413 7938 7946 17358 16891 16883 103 31 29 88 82 9048 9027 8974 6751 6651 6645 6922 9033 15696 15596 15590 15867 95 9040 8976 6268 6403 6330 15275 15213 15348 265 262 212 9207 9210 9157 2829 3008 11774 11953 6347 15292 335 9280 
5989 6084 6068 5963 5965 6154 6159 6165 6146 6118 6069 15104 15099 8679 14934 15110 15014 14908 15029 15063 15091 15013 14910 4493 4303 4314 4596 4967 13438 13912 13259 13248 13541 2832 11777 5744 17624 14689 
6955 15900 6801 15746 7271 7278 7317 7314 7607 16259 16262 16223 16552 16216 4794 13739 1329 10274 176 247 143 288 214 218 9159 3867 3869 3863 3996 12812 12814 12941 12808 6355 6527 15472 15300 1490 1885 1274 9192 9163 9088 9121 9233 10435 10830 10219 7168 7447 7680 16392 16625 7063 16113 16008 7986 16931 
8669 8666 8551 8216 8215 8212 8547 8229 8228 8569 8234 8236 8241 8603 8604 8632 8639 8648 8328 17514 17186 17614 8629 8626 17181 17549 17571 17273 8324 17161 17548 17492 17593 17574 17584 17157 17173 17174 17496 17269 8440 17160 17179 17577 17385 17611 6398 15343 4976 4597 4800 4513 4572 4573 4895 4577 4924 4586 13522 13518 13458 13745 13517 13840 13921 13869 13542 1665 1968 13531 8516 10610 10913 4094 4091 4086 4092 4045 13036 12990 13037 13039 13031 6302 17461 7814 15247 16759 
5975 5735 5734 14679 14920 14680 2887 3091 12036 77 9022 6308 15253 1392 1559 10337 10504 3029 2990 11832 11974 11935 1211 1122 10067 10156 1460 10405 
8889 8846 8824 8834 8817 8689 8687 8684 17762 17629 17634 17834 17779 17791 17769 17632 2303 2334 2709 2565 2543 11488 11654 11248 7222 7223 7573 16167 16168 16518 1275 1279 1283 1399 1396 10220 10341 10228 10224 10344 11279 11510 
8674 17619 6865 6861 15806 15810 2922 11867 7377 7373 7639 16318 16584 16322 156 9101 1555 1549 1564 1430 1602 10509 10375 10547 10500 10494 3055 3016 2831 3149 2919 12094 4202 11864 11961 11776 12000 269 9214 917 919 827 9772 9864 9862 4677 13622 2642 11587 13147 
6151 6171 6224 15096 15116 15169 8190 7714 7978 17135 16923 16659 4362 5459 4857 4873 5472 4547 4540 5002 5004 4665 5545 4994 14417 13818 13610 13947 13485 13307 14404 13802 13492 14490 13949 13939 7423 7668 16368 16613 2383 11328 
8885 8784 8937 8696 17641 17830 17729 17882 2972 11917 3931 4083 12876 13028 7894 7892 7742 8023 8024 8026 8027 8028 7889 7890 7744 16839 16972 16968 16973 16971 16687 16837 16969 16834 16835 16689 2583 2300 2449 11245 11394 11528 1103 10048 7972 7971 16916 16917 
8744 8812 8867 8804 8842 8845 8870 8796 8823 8763 8726 8682 17812 17757 17741 17749 17787 17790 17689 17768 17627 17671 17708 17815 6573 15518 2898 2778 3099 2903 2772 2802 2810 2926 11723 4899 11747 6562 13844 2860 3064 15507 2822 11843 11767 11755 11717 11805 12009 4142 11848 12044 51 123 9068 11871 8996 13087 
6017 14962 2883 11828 4090 4126 4123 4125 3971 4124 3973 4121 4119 3959 4100 3951 4098 3920 4067 3912 4055 4062 4061 4063 4072 3929 4047 4015 4019 13064 3851 3856 3989 13070 13043 12796 12934 13066 13071 12874 12896 13006 13012 13035 12918 13007 13068 12801 12904 12960 12865 12992 13008 12964 13017 12857 13000 13069 4422 4938 4936 4933 12916 13045 4935 4638 4448 13367 13883 13393 13583 13878 13881 13880 407 9352 
8716 17661 7376 16321 4041 4046 12991 6303 12986 7828 8506 15248 4227 4225 4214 4218 13163 13159 13172 13170 6905 6907 15852 15850 16773 17451 7212 16157 
583 738 608 609 785 9554 9683 9553 712 9657 3629 12574 2554 2724 9528 9730 1742 10687 211 210 9156 9155 3039 11669 2534 11499 1124 1130 1247 11479 3511 10192 10069 10075 12456 418 9363 4139 11984 2768 11713 3077 13084 12022 
5905 5903 14850 14848 8252 17197 5358 5028 4700 4712 13973 14303 13657 13645 3681 3413 3225 12358 12170 2195 2486 2244 11431 11189 11140 3290 12235 12626 425 9370 2376 2586 11321 11531 
8936 17881 6871 15816 4598 4600 13545 3936 3938 3937 3919 4068 3877 12881 12822 12864 12883 12882 13013 4343 4896 13543 13288 13841 3328 12273 1134 10079 
6991 6969 6802 6813 6830 15758 15914 15775 15936 15747 537 606 9551 9482 3648 3654 12599 12593 3472 3229 3322 12174 12267 12417 1191 10136 2250 11195 450 9395 205 196 279 9150 9224 9141 2855 3017 2879 2892 11800 11962 11837 4842 11824 804 13787 2663 9749 11608 
482 662 530 690 693 696 9641 3583 3780 3661 12606 5728 5332 12528 12725 640 780 639 9585 9427 9638 9635 9475 6211 9725 14673 14277 7387 16332 336 9607 3318 3319 3321 3418 9584 1199 10144 1254 12266 605 466 10199 2537 11482 456 12363 12263 12264 9550 381 9326 9411 9401 9281 4990 13935 15156 
516 9461 6981 6841 15786 3176 12121 15926 7860 7858 7863 16803 16808 16805 2763 2780 11708 2271 11725 1473 1348 10293 10418 5005 13950 11216 
768 698 9713 6238 9643 5100 5599 4680 14045 14544 13625 868 994 967 9939 9813 9912 2740 2751 2755 11685 11700 11696 3722 12667 1567 10512 3899 3872 4004 3866 12844 12949 12817 12811 3693 12638 15183 
8555 8532 8206 8543 8208 8203 8537 8204 8538 8195 8191 8539 8075 8265 17140 17153 17136 17477 17483 17482 17210 17149 17500 17151 8108 8447 17484 8400 8403 8450 8460 8462 8093 8105 8591 7788 8444 7924 8439 7913 7789 17053 17148 8011 8053 7747 7721 7727 7884 7732 17536 17395 7773 16733 7927 7772 7770 7926 7930 7929 7791 7777 8096 8083 8085 7771 8437 17488 17389 7796 8451 8453 17382 17407 16666 17038 17028 16715 16869 16858 17392 16716 16677 16956 16874 17041 16717 17030 16741 3087 17050 17345 16736 16718 17398 17020 16692 17348 17396 16829 16875 17405 16722 16734 16998 16871 16672 17384 16872 7856 7713 16801 16658 12032 
5981 6161 6129 6087 6046 6012 6009 5924 5914 5872 5875 5826 5824 5820 5756 14817 14769 14869 15106 14957 14820 14991 14926 15074 14701 14859 14954 15032 14765 14771 7651 7392 7648 7114 7614 16559 16596 3004 16593 16337 16059 6259 11949 15204 3148 12093 6625 15570 
524 580 743 578 599 9523 9544 3643 3829 12588 12774 9469 2019 10964 6477 15422 6555 6553 6559 6385 6384 6382 6357 6360 6378 15329 7572 16517 4797 13742 416 9688 9525 9361 6299 6283 6411 6326 6394 15302 6397 6395 6399 6396 6269 6255 15339 15323 15271 15504 15327 15214 15500 15356 15244 15200 15341 15228 15498 15342 15330 15340 15344 15305 7070 16015 7601 16546 4197 4137 13082 13142 
8673 8544 8196 17489 17618 17141 8048 8438 16993 17383 7185 7260 16130 5009 5010 5547 5012 5011 16205 340 14492 13955 13954 13956 13957 928 934 9285 8171 9879 9873 6791 6949 15894 15736 17116 
8676 17621 6563 6358 15508 15303 7602 7330 16275 1873 2023 10968 10818 1291 10236 7181 7463 7130 7661 7152 7405 7653 7388 7119 7086 7089 7248 16598 16333 16193 16126 16031 16075 16350 16034 16408 16547 16097 788 16606 4248 16064 400 389 9345 9334 950 954 9733 9895 9899 13193 
6065 6067 6209 6215 15010 15154 15012 15160 4356 4532 13477 13301 6549 15494 2072 2581 2279 2280 2340 11225 11017 11526 11285 11224 454 9399 
6096 5920 5919 14864 15041 14865 3676 3400 12621 12345 459 9404 3981 4132 3979 13077 12926 12924 4165 13110 
1673 1708 1734 1735 10653 10680 10679 10618 3617 3614 12559 8653 8292 17598 17237 2315 2142 2182 2183 2477 2187 2700 2189 12562 1233 11132 11260 11127 11422 11134 11645 11128 11087 10178 3374 3666 3300 3220 12165 12319 12611 12245 
1731 10676 5176 14121 2024 10969 3000 11945 5085 5431 14030 1338 14376 7461 10283 3032 3171 16406 11977 12116 996 876 1001 9946 9821 9941 3468 3465 3345 3255 3470 12410 12413 12290 12415 1116 1242 1240 12200 10187 10185 10061 3524 3523 12469 12468 
5622 5239 5694 5221 14639 14166 14184 14567 8353 8322 8625 8630 17267 17575 17570 17298 4998 13943 4243 4174 4241 4238 4170 4172 4167 13188 13183 13186 13119 13117 13115 13112 3105 12050 4327 4328 4527 13273 13472 13272 3075 12020 
6228 6100 15045 7032 15977 2298 2624 2623 2622 2621 2356 2346 2342 2252 2251 2748 2242 2243 11287 11568 11301 11569 11196 11693 11291 11566 11567 11188 11187 11243 11197 7519 16464 15173 
8708 8706 8859 8841 8840 8822 8844 8703 8697 17804 17789 17653 17786 17767 17648 17785 17642 6795 17651 6729 15740 15674 4746 5052 4999 13944 2612 2100 13997 2820 2949 11894 11765 93 67 9012 9038 7047 7058 7599 15992 16544 16003 1037 13691 9982 11045 11557 1225 10170 
5874 6010 6102 6160 6147 6166 6037 5990 5859 5844 5839 5843 5818 5790 5775 5809 5733 14754 15092 14804 14784 15111 14955 14789 14788 14763 15047 14720 14935 15105 14678 14982 14735 14819 7767 16712 6913 15858 7019 7238 7551 7228 7090 7082 7319 7079 7076 16021 16027 16035 16496 16024 16264 16173 16183 7816 15964 2804 11749 16761 
5971 14916 6447 15392 1477 1481 1357 10426 2839 10422 4400 4892 4900 10302 797 13845 1827 13345 13837 3072 3068 3063 3062 10772 3152 12097 12017 11784 12007 12013 12008 6745 6744 15690 15689 7813 16758 9742 
8749 8934 17879 17694 1753 10698 6343 6285 15288 4217 4226 4216 4212 4148 4150 15230 7263 16208 4464 5548 13409 14493 4182 4173 13171 13118 13157 13093 13161 13127 13095 13162 
715 641 9660 9586 7489 16434 6600 6331 15545 7363 7129 16074 3977 12922 8423 8043 8433 17368 17378 16988 7217 7224 7225 15276 2988 16169 16170 16308 16162 11933 5732 14677 
5199 5643 5679 5253 5262 5299 14198 14624 14588 3769 12714 7362 16307 1489 1544 10434 1636 14144 14207 14244 321 10581 7408 7081 16353 7040 7261 16206 15985 16026 4656 9266 10489 7467 7503 13601 2421 2435 2544 11366 11380 11489 1649 10594 8168 16412 16448 17113 
6133 6132 15078 15077 3875 12820 863 962 858 901 9803 9808 9846 9907 402 9347 3398 3675 3672 3439 12617 889 9834 12343 12620 12384 7470 16415 
5578 14523 1819 1818 2038 1770 1647 1644 1909 10763 10764 10715 7480 10854 10589 3015 10983 10592 1310 1597 1427 10255 1295 10372 10542 10240 3188 2862 3056 16425 2078 11807 12133 11960 4135 12001 13080 6903 15848 11023 
6620 6487 15432 15565 8238 8240 8279 17224 17185 17183 5269 4785 4796 4828 13730 13773 14214 3189 12134 1269 1376 1284 1388 1589 1347 13741 3386 10321 10229 10214 10292 10333 10534 6225 12331 1111 1231 10176 10056 401 9346 1059 10004 7963 16908 15170 
8365 8552 8355 8358 8354 8621 8348 8270 8250 8601 17299 17293 17497 17303 17215 17566 17195 17310 17546 17300 2025 10970 7460 7407 7320 16405 2578 2276 11523 11221 423 424 440 441 616 9561 9369 9386 9385 9368 2391 2273 16352 16265 4467 13412 11218 11336 
5251 5217 14196 5714 5720 5149 5240 14094 14665 1821 1822 10767 10766 14162 14185 14659 1645 10590 2409 2725 11354 11670 7316 7309 7303 7302 16247 16248 16254 16261 6780 6939 15884 15725 65 9010 2871 11816 
6843 6996 7003 7000 6798 6806 6810 6968 15948 15743 6943 6783 6742 6837 15888 15782 15751 15941 15728 15687 15945 15755 15913 15788 2931 11876 294 9239 2405 2406 2404 2146 2412 2710 11349 11357 11091 11655 1054 11351 11350 455 9999 3283 12228 9400 1472 1966 1660 10911 186 9131 1878 10605 10417 10823 7663 16608 7969 16914 
3749 3762 3590 3562 3589 3796 3612 12694 12507 615 12535 5326 12707 9560 1784 10729 3404 14271 12741 2566 2735 12557 12534 610 391 9555 9336 3391 3819 11680 433 12764 12336 12349 2520 2732 2233 2525 2433 2431 2475 2197 2491 2204 2532 11142 11677 1106 11378 11465 11477 11436 11178 11149 11511 11470 11420 11376 9378 2645 2390 10051 11590 11335 
6897 6995 6884 6881 6961 6803 15826 15906 15842 15748 5035 15829 15940 2056 2060 2063 13980 1787 10732 11008 6433 11005 11001 4925 4853 4361 4440 13385 13798 13306 369 371 9316 9314 1468 1466 1643 10588 10413 1446 13870 10391 10411 15378 4199 4141 13086 13144 2870 11815 
6983 6854 15799 8585 8268 8282 17227 17530 17213 6850 6901 15846 6790 6757 6765 6833 6912 6914 15928 3100 15735 15778 15795 6736 15710 15702 6936 6704 6706 12045 6697 6687 6737 6682 15651 15632 15881 15642 15681 15682 15859 15857 15649 6685 15627 6755 15700 15630 2762 3082 2923 3113 2830 3012 12058 11775 4209 11707 11957 12027 11868 6647 6741 15592 15686 13154 
1725 1979 2049 10994 10924 3550 12495 596 632 695 9577 9640 9541 1641 1501 1978 1525 1875 10923 10820 10586 825 949 823 9894 1453 1452 10470 10670 10397 10398 10446 2079 2599 2597 9770 9768 11542 11544 11024 2841 11786 6663 6937 15608 15882 6710 15655 
5700 5689 5237 5663 5202 5601 5608 5286 14608 14634 14147 14645 14182 14546 1814 10759 5716 5731 14676 14553 14231 14661 729 587 9532 9674 3613 12558 1311 1598 1599 10544 1908 10256 10543 6545 15490 4623 4291 4371 10853 13316 13236 13568 1011 9956 4158 4149 13103 13094 
6839 15784 8187 8526 8527 8524 8534 8535 17479 17132 17469 17480 17471 17472 7571 7262 7603 16548 3765 3677 3405 3222 12710 12167 619 12622 1175 1065 1095 10040 10010 10120 2220 9564 7400 7381 7088 7087 16516 16207 16326 16033 16032 16345 244 9189 2116 12350 11165 11061 
5992 5961 5947 5870 14906 14937 14815 14892 5091 5447 4860 5450 4835 5027 5351 4275 4469 14036 13972 13805 13780 14296 231 13220 14392 13414 14395 3043 9176 7645 11988 3857 4052 3905 4042 3904 12802 12849 12997 12850 12987 6246 16590 15191 793 884 9738 9829 
3595 12540 2058 1557 11003 1689 10502 10634 2969 11914 128 9073 7237 16182 6333 15278 140 252 254 144 314 315 9089 9259 3179 2845 9085 9197 9199 9260 7642 16587 11790 2775 12124 11720 3975 12920 4578 13523 
497 680 9442 9625 1840 10785 3035 11980 5606 4849 4844 4841 4851 5445 5432 4859 4809 5087 4799 5416 4778 4661 14032 13804 14551 13723 14377 13789 14390 13794 13606 14361 13754 13744 13786 13796 845 798 9743 8375 9790 3982 12927 7048 15993 352 9297 17320 
8779 8775 17724 17720 8531 8183 17476 17128 3092 12037 7468 7687 7474 7509 16413 16632 158 9103 1911 10856 4608 16419 16454 6277 15222 2895 11840 1146 13553 378 9323 422 10091 9367 
5786 5767 5766 5939 14731 14884 14711 14712 5139 4907 4927 5499 5455 5451 4816 4525 4775 4316 4505 4322 4780 5401 5407 5382 4301 4740 4747 4304 5383 4744 4749 4500 14084 13872 13720 14444 13267 14400 13249 14346 13445 14327 13246 14328 8170 13685 13694 13261 13450 13725 13761 13852 13689 14396 14352 13692 13470 3673 3690 12618 12635 17115 
5949 5868 5831 5781 5837 5899 5882 5880 5883 5877 5902 5956 5953 6121 6111 14898 14822 14827 14776 14726 14901 14825 15066 15056 14894 14782 14813 14844 14828 14847 6750 15695 3102 12047 6406 6275 15220 15351 4437 13382 920 914 916 811 935 980 985 9925 9930 9865 9859 9756 9861 9880 2864 11809 
6451 15396 5741 14686 6671 6670 15616 15615 4294 13239 874 998 878 9819 9943 9823 2136 2387 2125 2632 2123 11068 11070 11081 11332 11577 
6035 6112 6114 6110 6104 5871 5827 5828 5778 5779 14980 15055 14816 14772 14723 14773 15049 15059 14724 15057 8097 7780 7781 7782 8098 7778 8094 7931 8120 7802 8478 16725 16876 16727 17043 16723 17039 17042 17423 16726 17065 16747 7494 7675 7436 16620 16381 16439 6374 15319 7875 7867 16812 16820 
6516 6470 15461 15415 8210 17155 3103 3104 12049 5417 4789 12048 6364 6526 6370 15471 6831 15776 2868 2806 11813 11751 3198 3665 3379 3256 12324 12143 12610 12201 1342 14362 13734 2091 10287 7165 7137 7659 15309 15315 119 126 16604 16082 16110 9071 9064 11036 
8849 8855 8878 17823 17794 17800 6796 15741 2928 3139 12084 11873 4988 4931 4920 4412 5457 4833 4855 4858 4863 5523 5529 4616 4606 4429 4643 13865 6193 13374 13933 13803 13588 13800 13561 13551 2153 13808 14468 13357 13876 13778 14402 11098 426 9371 14474 15138 
4956 4996 5540 14485 13901 3314 12259 428 9373 7514 13941 165 170 9110 9115 4234 16459 4085 13030 6669 6717 6719 15664 15662 15614 13179 
5991 6203 6230 5840 5822 5783 5784 5996 15148 15175 14936 14767 14941 14728 14785 14729 3081 2874 12026 136 184 310 219 9129 9164 9081 9255 4667 11819 2304 13612 11249 
5655 5225 14600 14170 566 636 771 611 612 532 742 9556 9557 9511 9477 9581 9687 9716 1730 10675 7433 7394 7652 7637 16582 16597 16378 4538 5454 16339 1145 13483 2439 14399 922 796 877 9867 9822 9741 2401 2649 2488 2494 2245 10090 463 11384 11190 11346 11594 11433 11439 9408 6208 15153 
5973 6204 6024 6015 6005 5927 5922 5887 5865 5861 5845 5846 5807 5793 5835 14950 14791 14790 14832 14810 15149 14872 14806 14960 14969 14918 14867 14738 14780 988 1019 9933 9964 1959 1955 2057 1458 1949 11002 10403 10904 10900 10894 2842 2914 11859 11787 14752 
5678 5067 5022 5187 5635 5162 5120 5169 5173 5624 5686 14623 14118 13967 14569 14107 14631 14114 14012 14580 14065 1768 10713 506 509 9451 9454 14132 2473 11418 3499 3726 12444 12671 1009 993 870 9954 9938 9815 7399 7136 7365 16081 4543 4379 4546 4403 16310 16344 7613 7192 13324 16137 16558 4436 4984 4648 13593 13348 13488 13381 13491 13929 
5232 5647 5628 5640 14585 14573 14592 14177 8542 8586 8262 8410 8454 8065 8284 8263 8232 8003 17399 17487 17207 17531 17177 17229 16948 17010 17355 17208 4035 3894 4040 3876 4032 4024 12985 12839 6443 6307 12977 12969 12821 12980 6352 6523 15297 15388 15252 15468 4605 4268 4269 5339 4682 4471 4687 4764 4767 4315 4312 4768 13416 14284 13713 13712 13213 13550 13214 13709 13632 822 13627 13260 13257 3326 9767 12271 
8915 17860 4777 4779 13722 1345 10290 7352 7258 16297 4456 5534 16203 4095 3944 3902 4039 12847 13040 12984 12889 3203 14479 6207 13401 13724 973 9918 12148 15152 
653 679 498 673 484 667 658 552 525 710 739 575 651 9612 9603 9470 9684 9624 9497 9618 9598 9596 9429 9520 9655 9443 1608 10553 7464 7484 16409 16429 271 153 263 155 9098 309 9254 9216 7354 16299 4612 4570 4558 4562 4941 4944 4653 9100 9208 1032 13515 13598 13507 13889 13886 13503 13557 1015 9960 9977 3498 12443 
5163 5576 5030 5288 14521 13975 6896 6893 6892 6885 6848 6827 6974 15793 15838 15919 15837 15841 15772 6840 15830 15785 6924 6973 15869 15918 5167 5488 4912 14112 14108 14233 3585 3231 14433 13857 228 299 9173 7154 7398 7131 16076 16099 139 193 188 293 9084 1290 10235 9238 9244 9133 9138 7422 7657 16367 16602 16343 3301 12246 12176 12530 
5129 5079 5598 5165 5186 14074 6205 14024 14543 14131 14110 5467 5623 4877 5614 14559 14568 7702 7111 16056 6753 15698 70 9015 4495 5386 4934 4582 4528 16647 4569 13879 14331 13440 13514 14412 13822 13527 13473 6340 15285 7052 15997 6716 15150 15661 
1972 1707 1982 1702 1713 2012 1715 1722 1756 1751 2008 1769 1848 1792 2048 2039 1773 1754 10696 10993 10718 10652 1760 2005 10667 10699 10793 10658 10950 10927 1865 10647 7695 7483 10660 10957 10714 10917 10705 10984 10737 3034 3057 10953 10701 1590 1270 1487 10432 10535 10215 10810 6950 16428 52 117 115 11979 7227 9062 8997 9060 15895 4705 4715 4290 4399 12002 16640 16172 2798 13660 13650 13344 13235 8504 7966 7827 11743 17449 16911 16772 
5825 14770 2954 2965 11899 11910 260 259 9204 9205 4478 4287 4698 4477 5359 4691 4276 4277 4701 4702 4284 4281 4696 5356 4699 4346 5542 4460 5544 4666 14489 13226 13647 14487 14301 13643 13221 14304 13644 13611 13641 13423 13291 13232 13646 13405 13422 13222 13229 13636 7481 16426 
6058 6060 6071 6073 6075 6095 6117 6115 6113 6135 6126 6099 6089 6045 6044 6039 6040 6028 6029 6030 6013 6008 5917 5911 5909 15003 15080 15060 14985 15062 14974 15044 15020 14862 15005 14990 14953 14856 14975 14989 14958 15040 15071 14854 15058 15018 14984 15034 15016 14973 6954 15899 3306 3214 3674 3701 12619 12251 12159 12646 
8553 8192 8221 17137 17166 17498 5066 5392 4640 14011 13585 3241 3789 3441 3790 3719 3720 3486 3723 3354 3492 3731 3508 3512 3270 12734 12735 1058 1188 12299 12186 12457 12664 12386 12437 12431 12665 12453 12668 12215 12676 10003 10133 4675 13620 14337 4259 4208 4206 13204 13151 13153 
6449 6482 15427 8366 8271 8588 8258 8244 17533 17203 5549 17189 17216 8581 8036 8019 16964 16981 17526 17311 2955 15394 2786 11731 4193 4144 4221 11900 7106 7107 16051 1534 10479 14494 7515 7516 16052 16460 16461 4255 4258 13089 13200 13203 13138 13166 7850 16795 
8273 8557 8637 17582 17218 17502 5025 5557 4688 5357 4721 4713 13970 13633 14302 13666 13658 14502 1469 1566 1398 10511 2794 2807 10343 789 11739 11752 10414 925 803 926 929 834 831 861 857 952 9779 9897 9734 9776 9748 9871 9870 9806 9874 3320 12265 9802 
8892 8807 8813 8745 17837 17690 17758 17752 6979 15924 7404 16349 1528 1397 1409 1309 10354 7247 7055 16192 16000 4636 4645 13581 836 1026 908 906 904 9849 9851 9853 9971 9781 7500 13590 1634 1633 10254 10342 10579 10578 10473 6424 15369 1351 16445 1150 10296 10095 
6093 6218 6198 15143 15038 5350 4278 4335 4807 5000 5006 14295 13280 13752 13945 13951 13223 2994 2948 11893 6366 15311 11939 4515 13460 15163 
2338 11283 3721 3637 3806 3649 12594 12751 769 12582 3601 3247 3793 12666 12546 12738 740 9714 3688 3228 9685 2413 2436 2437 2203 2712 2490 2498 2232 11382 11381 11177 11657 11443 11358 11148 11435 1098 12633 3725 3487 3351 3350 12173 12670 12432 12192 12295 12296 10043 
2036 10981 1778 1798 1801 1802 1750 1759 10746 10743 10695 10747 6570 15515 1703 10648 10704 6351 15296 6250 6312 15195 15257 7961 10723 1047 1046 9991 2515 2218 2512 2741 11460 11163 11457 1236 1133 11686 3711 3254 10078 1079 10024 9992 10181 12199 12656 4134 13079 16906 
5931 5930 5928 6014 5860 5908 14875 14876 14959 14853 14873 14805 8281 8069 8285 17230 17014 17226 7737 16682 4008 4007 3864 3871 12816 3966 4113 3963 3901 4037 4031 3889 3890 3893 4028 3897 4013 3873 4009 4006 3862 3855 12952 12976 12973 12954 12982 12800 12908 13058 12951 12911 12842 12958 12834 12953 4021 3874 12818 12807 12819 12846 12838 12966 12835 12809 6703 15648 4373 4544 4388 5541 14486 13489 13333 13318 
7005 6875 15950 15820 8202 8634 17579 17147 5709 5320 14654 14265 3071 3020 2797 2924 12016 11965 11742 11869 5465 5452 14397 1377 10322 4671 14410 13616 7499 7496 7190 16441 16444 16135 4247 4249 4236 13192 13181 13194 
1985 2006 1737 1797 10742 10682 10930 10951 756 9701 2054 10999 5660 5204 5153 4848 4866 4869 13793 14098 14149 13811 14605 13814 1965 10910 7301 16246 3930 4081 3865 12810 12875 13026 959 9904 1332 1330 10277 10275 2588 2291 11533 11236 
5652 5216 5294 14161 3544 3758 14597 3833 12489 12778 12703 14239 3006 11951 3967 4108 4025 12912 3009 2789 11734 11954 7960 8151 8499 13053 12970 8113 8035 8016 7743 7925 8091 16688 17096 16870 17444 16905 16980 16961 17036 17058 6713 15658 
1733 10678 704 9649 3579 3761 3581 3491 3832 3521 3490 12777 12526 12435 12436 12706 12524 12466 2699 2568 2553 11498 11644 1076 1131 11513 10076 10021 2838 3140 12085 11783 4913 4408 13858 13353 3662 12607 
8740 17685 7575 7631 7375 7378 7383 16520 16576 16320 16323 16328 5410 4739 4737 5379 4485 4293 4296 4490 4729 4487 4735 4299 4511 4325 13270 13238 376 9321 6233 13674 13456 13430 963 13684 13435 14324 13682 13244 13432 14355 13241 13680 3050 3048 3163 11993 11995 12108 351 9908 9296 15178 
5817 14762 6747 6652 6932 6772 6699 6764 6931 6656 15876 15601 7643 7410 16355 6763 6646 6631 6733 6681 15709 7534 15576 15692 6251 16588 16479 45 15196 2973 2980 3110 15717 15678 15591 6727 15708 15626 15644 15877 15597 15672 8990 11918 12055 11925 2284 11229 
5795 14740 5639 4375 5458 4363 4537 4864 4370 4358 13303 14584 3190 3151 2821 2992 2773 2905 12096 11850 11937 11718 11766 12135 7368 7372 16317 4169 16313 13315 13809 13308 13320 13482 14403 1323 10268 13114 
8801 8728 8920 8922 8938 8943 8940 8733 8718 8707 8678 17663 17888 17885 17673 17865 17623 17652 17678 17883 17867 17746 5365 4709 5363 5369 5376 4831 4932 13776 6219 14308 14310 1612 1944 1964 1659 13654 14321 14314 13877 10604 10557 10909 10889 3976 12921 7832 16777 15164 
6182 6222 15167 4861 5124 5179 14069 14124 13806 813 9758 6696 6761 6752 6918 15641 15863 15697 15706 8498 8169 17114 17443 15127 
6900 6805 15845 15750 5371 4717 5315 14260 14316 13662 947 826 953 835 9780 9898 9892 9771 3260 3274 12219 12205 3257 3510 3737 3733 3739 12202 3504 3506 12449 12451 12684 12455 12678 1067 1178 1179 1192 1082 1128 10027 10137 10073 10012 10124 12682 10123 421 9366 1655 10600 
3753 3566 12698 12511 3381 3403 3412 12326 12348 12357 208 9153 2940 2934 11879 11885 6700 6698 15643 15645 75 71 73 9020 9018 7065 7595 16540 4251 16010 4233 9016 13178 13196 7213 16158 
5267 5265 5254 5228 5223 5654 14210 568 593 722 9667 9513 9538 14599 14199 4937 5718 14168 14173 13882 14663 14212 1614 2037 1319 10264 10982 322 10559 2853 9267 1264 10209 5510 11798 107 105 9052 87 9032 9050 4428 4960 13373 14455 13905 397 403 9342 9348 1642 10587 
656 481 474 682 533 558 727 579 782 755 9601 3580 9627 9478 9426 9524 8944 9503 9419 551 9672 9496 9727 5442 4822 4818 4845 5609 4832 5460 4348 4351 4536 4365 4542 4391 14554 2140 9700 13487 13310 14405 13293 13790 13336 13767 13481 14387 13763 13777 13296 2313 2092 2093 2094 2316 2318 2601 2321 2320 12525 11258 11261 11265 11037 11038 11546 11039 11266 11263 11085 3494 12439 17889 
8800 8873 8869 8925 8939 8905 8701 17818 17745 17646 17870 17884 17814 17850 6776 15721 7036 7045 7264 7635 16209 15981 16580 2292 2694 2209 11237 11639 11154 3743 3518 12688 12463 4451 15990 7824 16769 13396 
5768 6078 15023 14713 8296 8614 17241 17559 8436 8267 8139 7810 7808 17212 16753 8072 8434 7763 8071 16755 17017 8474 7941 7908 8074 8055 8432 8431 17016 16853 17019 17381 17084 17376 17419 17379 16708 17000 16886 17377 4753 4496 4305 4297 4738 4755 4307 4310 5424 5440 5420 13683 14369 13242 14365 13255 13698 13252 13441 14385 13250 13700 3942 12887 2069 11014 
6094 15039 6942 6705 15887 15650 7350 7357 7110 7636 16581 16295 1492 1863 10437 3005 11950 129 10808 197 9142 9074 7244 7279 16302 16055 7315 16260 16189 16224 349 9294 
5666 5140 5330 5324 14611 14269 2589 2297 2668 2430 2682 2679 14085 1334 1757 10702 2378 2171 2369 2130 2113 2619 2106 10279 3397 3444 11375 11314 11534 11323 11627 11116 11058 11242 11624 11051 11564 11613 11075 12389 12342 14275 1002 847 9792 9947 
1682 1720 1988 1739 2011 10665 2034 2035 10979 10933 10684 10627 10956 10980 2620 2721 11666 11565 1341 1895 1394 10339 2848 10840 7133 7435 16380 16078 42 122 130 131 90 8987 83 22 9035 9028 8967 3101 12046 7549 9067 9075 9076 6921 15866 11793 4635 10286 13580 6429 16494 4260 4261 15374 13205 13206 
8891 8886 8819 8727 8739 8815 8927 8942 8941 8914 8897 8857 8722 8692 17872 17859 17831 17764 17887 17672 17802 17760 17684 17842 17836 17637 17667 17886 6952 6711 6712 15897 15656 6659 15604 15657 3108 12053 6348 6418 15293 15363 6784 15729 5528 4986 4453 5530 14473 13398 14475 13931 3311 12256 
5594 5083 14028 14539 2471 2472 2470 2465 2689 2464 2463 2474 2461 2687 2351 2761 2359 2427 2711 2198 2202 2194 2196 2493 2201 2213 11706 11146 11147 11406 11296 11632 11139 11141 11634 2206 11372 11415 11416 11419 2253 2744 11689 11410 11304 11408 3245 12190 2254 2750 2556 11199 11417 11143 11501 11151 11695 11198 11438 11656 11409 11158 852 969 883 9828 9797 7838 9914 1954 10899 16783 
2004 2002 1762 1782 1781 2042 2046 2045 1790 1789 1780 1761 2016 10990 557 726 9671 1839 9502 1835 1771 1765 2028 10734 10726 10710 10735 10780 10949 10961 10991 10716 10987 10947 10725 6145 10706 10727 10707 1499 1529 1535 1537 1541 10474 10973 10486 1627 10784 10572 10480 2185 11130 1043 1168 10113 9988 10444 10482 6930 6760 6928 15875 15873 15705 8080 7887 8009 7885 7735 16830 16832 17025 16680 16954 4089 13034 15090 
6371 6428 15316 4727 4724 4719 5037 4718 4642 13982 1970 13587 13672 10915 3037 3175 12120 11982 2299 15373 4610 13669 13664 13555 13663 2678 2683 11623 11628 11244 3287 12232 
6002 6007 6047 6081 6082 6085 6097 6103 6195 6194 6201 6236 6106 6158 6038 5849 5834 5829 15146 15027 14983 15139 15042 14952 15103 15140 14947 15181 15051 15030 15026 14779 14794 15048 14992 14774 5421 5355 4670 14300 14366 13615 6276 6539 6544 15484 15221 15489 7612 16557 
8605 17550 5138 14083 2692 2693 11637 11638 226 9171 6626 6672 6718 6674 6723 6627 6746 15663 15691 15617 15668 15571 7010 15619 15572 8512 8513 15955 17458 17457 
5307 5310 5312 5322 14267 14252 14255 8323 8645 8277 8597 8600 17590 17268 8570 8566 8231 8223 17511 17515 17168 8134 8647 8137 8140 8131 8643 8133 8136 8297 8062 8598 8058 8594 8233 8404 17539 17242 17222 17082 17176 17178 17542 17076 17545 17588 17078 17085 7805 7759 7755 7897 8039 7754 7762 16842 16984 17592 16704 17081 16700 17007 17349 17543 17003 16699 17079 16707 16750 4817 4522 5415 5413 4357 5444 4834 14257 13467 13779 14360 14389 13762 13302 14358 1511 1872 1373 1372 1374 10817 10456 10319 10317 10318 8162 7968 8495 7957 16913 17440 17107 16902 2875 11820 
5641 5175 5174 5554 5581 5178 14499 14120 14123 14119 14526 14586 2885 2977 11830 11922 7295 7611 7080 16025 2967 16556 4413 4916 4909 4306 4415 4917 4409 4904 4567 4560 5473 5409 4509 4506 11912 13451 13354 13360 13849 14418 13512 13862 13251 13505 13854 13861 14354 13454 13358 2088 2085 2282 16240 385 9330 8518 11227 11030 11033 17463 
3529 3541 3754 3770 3559 3628 12474 586 12699 3575 12504 12715 12573 12486 12520 1846 9531 6421 15366 7344 16289 1866 1601 1600 10791 2851 3181 10546 1339 1471 1667 10416 4463 4407 4902 11796 12126 1367 1260 10612 10811 10205 10312 10545 10284 971 13847 13408 13352 9916 
8865 8858 8919 8898 8755 17810 17803 17864 17843 17700 6804 6906 6909 6908 6721 15853 7568 7287 7310 16232 6476 6386 15421 3939 16513 6653 6933 6655 15331 6773 15666 15749 15878 15718 15854 15851 15600 15598 84 9029 7823 8502 16255 251 9196 7954 12884 8104 8461 17049 17447 17406 16768 16899 7202 16147 
5137 5096 5050 5064 5321 14009 13995 1786 14082 14266 14041 1758 10703 1494 10439 10731 7343 16288 2947 2826 2945 2911 11771 7016 11892 11856 11890 4146 15961 3911 4010 3860 3861 3854 4000 4001 3997 12805 12946 12945 12806 12856 12955 12799 12942 2880 11825 447 9392 13091 
657 494 495 659 507 776 628 775 598 752 602 573 734 9602 9543 9697 9518 9439 9720 9452 9440 9604 9547 9679 5724 5317 14669 7268 16213 3132 12077 7235 16180 3235 14262 1629 10574 915 9721 885 887 9573 2408 2105 9832 9860 9830 2422 2440 2441 2446 2468 2176 12180 2756 2562 11701 11367 11413 11386 11050 11121 11391 11353 11385 11507 1087 10032 399 9344 2133 11078 
5118 5115 14060 14063 757 9702 1983 1500 10928 3030 11975 4774 5399 14344 2548 2758 11493 11703 13719 1320 1927 10872 10445 10265 7495 7191 7135 16136 16080 16440 1480 10425 2104 11049 
8810 8767 8737 17755 17712 17682 6977 15922 3588 3422 3325 12533 3646 3361 3817 3730 3359 12591 623 12306 12762 12270 3423 3233 3323 9568 12178 12367 12675 12304 12268 2484 2489 2264 2745 2530 2240 11429 11434 1108 11185 11690 11475 11209 10053 12368 7425 7672 16370 3382 3297 16617 4087 13032 12327 12242 
5298 5583 5190 5257 14135 2020 14243 14528 14202 1934 1914 1876 1527 1558 1749 1746 10503 10691 10821 10965 10859 1583 1932 1763 10694 7159 10708 10879 1586 10877 7142 7147 7416 16092 16087 3145 2819 12090 4685 11764 16104 16361 1280 1550 1415 10528 283 174 280 187 9225 281 10360 7837 9132 9119 1297 1285 10230 10531 10495 10472 10225 10242 9226 9228 13630 1331 10276 2097 2364 11042 11309 16782 
1976 1679 1977 1989 1991 2001 1738 2007 2014 1745 1743 1844 1843 2043 1776 10683 10721 10934 709 9654 2068 2065 2062 10936 10624 10922 10690 10688 10789 10988 10959 10921 11007 11010 10952 10788 5062 4761 5580 5579 4763 5395 4770 4771 10946 11013 6621 14525 14524 14007 13716 13715 13706 13708 14340 4262 15566 6701 6657 6934 6644 6927 6925 15870 15879 15872 15602 15589 15646 7030 7041 15975 15986 3142 12087 4078 13023 1352 10297 3426 3330 12275 12371 13207 
3611 12556 5331 14276 2066 11011 1913 1951 10858 6543 15488 6338 15283 243 183 182 9128 9127 9188 1395 1553 1581 1294 10526 10239 10340 2319 10896 10498 379 9324 2665 11610 11264 1137 10082 960 991 9936 9905 7821 16766 
5309 5227 5659 5665 14610 14604 14254 14172 6623 15568 7585 7379 7382 7655 7654 16324 16600 2997 3147 16327 16599 16530 278 9223 7818 12092 7847 7851 7843 7846 7973 7841 8383 8384 7854 8197 7995 7726 17142 16940 16671 16786 8107 16788 16791 16799 16763 16792 16918 17329 17052 16796 17328 2272 11942 11217 
5615 5248 14560 5296 14241 1777 10722 5520 14193 14465 1585 1552 10530 10497 7486 7187 7683 16431 16132 16628 4404 4613 13558 13349 2587 2638 2375 2179 2469 2501 2511 2518 2225 11124 11456 11414 11446 11320 11170 11463 11583 11532 
8705 8792 8688 17650 17737 17633 8584 8275 8280 8286 17529 17231 17225 17220 2157 2417 2265 2759 11210 11704 11362 2574 11519 11102 648 9593 3047 2858 11803 11992 4115 4110 4018 13055 12963 13060 
6492 15437 5019 13964 7334 7386 16331 2976 11921 6515 6335 6273 6409 6372 15460 15317 15354 15280 15218 7219 7623 16568 16279 16164 5536 4953 4383 4589 4432 4963 4974 5517 4624 13569 13377 13919 13898 14462 14481 13328 13908 13534 1646 1457 1337 10282 10591 10402 3334 3239 12279 12184 
1691 1992 10636 10937 6619 6440 6489 15434 15564 3500 3824 3813 12758 12445 12769 7160 7409 7141 16105 15385 7267 7556 7039 15984 16212 16501 16086 16354 1172 1173 10118 10117 2260 2237 11182 11205 3357 12302 396 9341 
8847 8808 8738 8725 8829 8901 8923 8761 8691 17670 17792 17753 17868 17846 17683 17636 17774 17706 1719 1570 2003 10664 10948 1300 1591 10245 10515 10536 151 157 274 173 284 178 179 9118 9096 217 224 295 9240 9162 9169 9123 9124 9102 9219 9229 2998 11943 2582 2438 2159 2513 2523 11458 11104 11468 11527 11383 1088 1198 1071 10033 10143 10016 2160 11105 
6890 15835 8174 17119 5133 4847 4949 5461 5468 5481 5537 5014 5015 5016 14078 325 9270 2970 11915 4583 4458 4657 14482 13792 13959 13602 3410 14413 13961 13894 13528 13960 14406 13403 3339 12355 1090 1129 1245 1135 1127 10190 10072 10035 10080 10074 12284 14426 3191 12136 
8802 8818 8788 8839 8830 8742 8832 8774 8736 8717 8776 8879 8926 8700 8698 17645 17871 17747 17687 17681 17643 17763 17784 17733 17721 17824 17719 17775 17777 17662 5266 4987 14211 1440 13932 2857 10385 330 9275 4153 4198 11802 13143 13098 7871 16816 
6514 15459 637 9582 6393 15338 2925 11870 7240 7241 7553 7256 16186 16185 3664 16498 5405 4512 16201 7037 15982 3196 3197 3378 13457 2604 14350 3515 12142 12141 12609 12323 12460 11549 460 9405 6227 15172 
1620 1621 1779 10566 10724 3684 3419 3699 3697 3425 3443 3602 3337 3634 12547 12579 3507 3728 3653 3362 3488 3269 3263 3348 3476 12598 3469 3698 3445 3341 3707 3344 12208 12370 3259 12204 12629 12388 2223 2731 12364 12644 12643 12214 1189 12673 12293 12286 12652 12433 12390 12282 12452 12642 12421 12414 12307 12289 10134 417 354 359 9304 9362 9299 2428 2549 11676 11494 11373 11168 7198 10565 16143 
