DIMENSION : 11
MAX_TRIP_PER_BUS : 2
MAX_SCHOOLS_PER_BUS : 2
SERVICE_TIME : 0.1
NUMBER_OF_TRUCKS : 2
NUMBER_OF_SCHOOLS : 2
SPEED : 70
BUS_CAPACITIES
1	2
2	2
SCHOOL_STUDENTS
1	3
2	2
SCHOOL_NODES
1	6	7	8
2	9	10
NODE_COORD_SECTION 
0	24.326917	54.629448	0	0	1250
1	24.444329	54.732778	1	0	60	0	6
2	24.420211	54.741695	1	0	60	0	7
3	24.319943	54.533492	1	0	60	0	8
4	24.473404	54.346598	1	0	60	0	9
5	24.473686	54.349577	1	0	60	0	10
6	24.326917	54.629448	-1	0	60	1	0
7	24.326917	54.629448	-1	0	60	2	0
8	24.326917	54.629448	-1	0	60	3	0
9	24.318651	54.559927	-1	0	60	4	0
10	24.318651	54.559927	-1	0	60	5	0